-2.871303999999999945e+01 9.493801000000000556e+01 7.901973700000000633e+01
5.322166899999999856e+01 3.908322299999999672e+01 -5.830167099999999891e+01
1.088112969999999962e+02 1.806231740000000059e+02 1.384373640000000023e+02
3.292718099999999737e+01 1.045442599999999942e+02 1.472460590000000025e+02
-1.142939970000000045e+02 4.761445400000000205e+01 2.003699609999999893e+02
1.847096870000000024e+02 1.054571329999999989e+02 1.951612289999999916e+02
4.510474000000000316e+00 2.429707349999999906e+02 1.030382319999999936e+02
-6.729782699999999807e+01 1.664891900000000078e+02 1.430420450000000017e+02
2.443637870000000021e+02 9.738822299999999643e+01 -6.754002199999999334e+01
1.089935400000000065e+01 1.409447120000000098e+02 1.004287379999999956e+02
-1.620017800000000108e+01 4.285816599999999710e+01 -3.027265699999999882e+01
-9.212314999999999543e+01 1.562880700000000047e+02 1.197759630000000044e+02
2.935215300000000127e+01 1.402751699999999957e+01 2.147253350000000012e+02
6.096875399999999701e+01 1.571990480000000048e+02 1.017777260000000012e+02
1.511151220000000137e+02 2.201836250000000064e+02 2.156808929999999975e+02
1.660473540000000128e+02 1.307190099999999973e+02 1.433295709999999872e+02
1.308452279999999917e+02 5.798671900000000079e+01 1.284918409999999938e+02
1.407970760000000041e+02 -7.067505199999999377e+01 6.574294600000000344e+01
-6.372773300000000063e+01 2.059894639999999981e+02 -2.086513899999999921e+01
-6.863088000000000299e+00 1.899047119999999893e+02 1.983127499999999941e+02
2.715382800000000074e+01 1.741786130000000128e+02 8.496721999999999753e+01
1.315618829999999946e+02 7.889998199999999429e+01 2.303586999999999989e+02
4.470024800000000198e+01 2.471074439999999868e+02 9.070887799999999856e+01
-6.223139299999999707e+01 6.229191600000000051e+01 4.474856700000000131e+01
-4.397183700000000073e+01 2.498053499999999971e+01 1.657495690000000081e+02
-9.224468299999999488e+01 2.556462809999999877e+02 3.425726099999999974e+01
2.866839560000000233e+02 -2.152661999999999853e+00 -1.190260849999999948e+02
1.132595759999999956e+02 1.358061219999999878e+02 1.998211379999999906e+02
1.629023200000000031e+02 8.702592900000000498e+01 -2.666538299999999850e+01
6.696738700000000222e+01 -3.370143000000000111e+00 1.301766839999999945e+02
6.646363900000000058e+01 2.199930999999999983e+02 1.269822259999999972e+02
9.782318399999999770e+01 1.668478540000000123e+02 2.541378239999999948e+02
2.747535699999999892e+01 -3.427526100000000042e+01 1.562593160000000125e+02
1.621078630000000089e+02 1.984878830000000107e+02 1.266184999999999938e+01
-1.939997200000000177e+01 1.707912819999999954e+02 1.103168220000000019e+02
-1.662482579999999928e+02 1.442014540000000125e+02 2.417789290000000051e+02
-1.426099820000000022e+02 1.634313170000000071e+02 1.255409049999999951e+02
-1.173522760000000034e+02 1.810734199999999916e+01 2.597787100000000038e+01
1.823066100000000134e+01 4.136883699999999919e+01 2.376861800000000073e+02
1.067160570000000064e+02 2.493838560000000086e+02 1.815697889999999859e+02
-1.481069369999999878e+02 7.831192799999999465e+01 -1.018983700000000070e+01
2.440807399999999916e+01 -1.976772800000000174e+01 1.659690359999999885e+02
2.365741500000000030e+02 8.236755800000000249e+01 2.394180599999999970e+01
-1.374736399999999925e+01 2.168164789999999869e+02 1.167581559999999996e+02
2.253152289999999880e+02 1.320953399999999966e+01 2.240175820000000044e+02
-9.240172099999999489e+01 2.448373709999999903e+02 2.078949709999999982e+02
-8.655941400000000385e+01 2.357979650000000049e+02 -7.116841800000000262e+01
-9.841427500000000350e+01 5.764695199999999886e+01 -5.186129700000000042e+01
3.128727589999999736e+02 3.325396000000000019e+00 8.056840900000000261e+01
-1.680206560000000025e+02 2.229851779999999906e+02 -6.017218499999999892e+01
2.503771100000000160e+01 1.872513869999999940e+02 9.264315799999999967e+01
1.078372940000000000e+02 1.590318819999999960e+02 6.017109999999999959e-01
8.653334099999999296e+01 8.946273899999999912e+01 -9.791240000000000165e+00
-4.284848800000000324e+01 2.505280329999999935e+02 1.021158240000000035e+02
2.398545210000000054e+02 -2.182685599999999937e+01 7.505166699999999480e+01
1.320155910000000006e+02 6.190235500000000002e+01 5.517251999999999867e+01
2.958364829999999870e+02 8.852915600000000040e+01 -8.768033699999999442e+01
-1.115718379999999996e+02 2.098971229999999935e+02 1.346744400000000041e+02
5.125763599999999798e+01 1.302958439999999882e+02 1.375088700000000017e+02
1.966364930000000015e+02 -8.791890399999999772e+01 6.311267699999999792e+01
1.289136269999999911e+02 5.522855100000000306e+01 4.696430600000000055e+01
-6.427038400000000706e+01 2.528593630000000019e+02 -3.284802899999999681e+01
-1.214601980000000054e+02 1.139029989999999941e+02 6.867665900000000079e+01
-1.071468629999999962e+02 7.146355800000000613e+01 8.449837700000000495e+01
3.461649700000000252e+01 2.430835250000000087e+02 1.407240630000000010e+02
6.606663899999999501e+01 2.501482530000000111e+02 8.957027499999999520e+01
1.844680370000000096e+02 1.249154900000000055e+02 1.250601319999999959e+02
3.255824719999999957e+02 3.749103399999999908e+01 -4.868059000000000225e+01
7.214534500000000605e+01 2.478390500000000074e+01 2.987059879999999907e+02
-4.393945999999999685e+01 1.556856840000000091e+02 -4.023706599999999867e+01
-1.092373249999999985e+02 1.326820060000000012e+02 2.681869700000000023e+01
1.647951419999999985e+02 6.889089300000000549e+01 2.521215999999999902e+00
-5.799822400000000044e+01 2.276502599999999887e+01 3.282470989999999915e+02
1.778176420000000064e+02 6.297946499999999759e+01 -5.069619200000000347e+01
2.183221599999999896e+01 1.169576619999999991e+02 7.889362400000000264e+01
1.697606900000000110e+02 5.246914600000000206e+01 2.460301120000000026e+02
1.009120159999999942e+02 1.644873299999999858e+02 8.798175600000000429e+01
-2.170599500000000148e+01 7.926434700000000078e+01 1.609187310000000082e+02
8.591355199999999570e+01 4.370687800000000323e+01 1.385718870000000038e+02
2.023628000000000071e+01 2.026741039999999998e+02 1.539301010000000076e+02
2.262293999999999983e+01 3.003708999999999918e+01 -4.053889600000000115e+01
9.942187199999999336e+01 7.910936200000000440e+01 3.588690920000000233e+02
6.099383000000000266e+01 4.941711399999999799e+01 1.885469099999999898e+01
-3.218020599999999831e+01 2.052875919999999894e+02 3.188706720000000132e+02
1.849977670000000103e+02 1.201162460000000038e+02 1.391477610000000027e+02
-9.186870899999999551e+01 -9.529671000000000447e+00 2.706410609999999792e+02
1.163181100000000079e+01 2.174835319999999967e+02 -6.059561899999999923e+01
6.780704099999999812e+01 2.345042899999999975e+01 2.995403900000000164e+01
9.105082500000000323e+01 1.603859200000000129e+01 -6.145793900000000320e+01
8.441615600000000086e+01 1.318987070000000017e+02 1.258304810000000060e+02
-6.360275699999999688e+01 1.948471110000000124e+02 8.122676400000000285e+01
1.059831080000000014e+02 1.241945309999999978e+02 1.386994299999999924e+01
-1.095347059999999999e+02 1.453158630000000073e+02 -3.060259699999999938e+01
-1.109869730000000061e+02 7.894868999999999915e+01 2.835788919999999962e+02
3.779151099999999985e+01 1.427606780000000128e+02 1.473124379999999860e+02
-1.208962680000000063e+02 2.277242499999999836e+01 4.278806999999999761e+01
-1.200552220000000005e+02 2.206592349999999954e+02 1.275562410000000000e+02
1.060991690000000034e+02 2.305716720000000066e+02 6.358006999999999920e+01
1.137486949999999979e+02 8.032536699999999996e+01 -1.793971900000000019e+01
2.184994800000000126e+01 7.860929600000000050e+01 1.636414289999999880e+02
2.670699600000000018e+01 -7.053486100000000647e+01 5.506281100000000350e+01
2.059091019999999901e+02 -3.849210999999999938e+00 1.546836160000000007e+02
-1.132000610000000052e+02 2.778553799999999896e+01 4.601536399999999816e+01
-4.395006800000000169e+01 -5.405786100000000260e+01 2.035697490000000016e+02
1.361556150000000116e+02 1.399608039999999960e+02 -1.376270200000000088e+01
7.035479800000000239e+01 1.699430670000000134e+02 9.526147199999999771e+01
1.957917480000000126e+02 1.186913859999999943e+02 6.426239599999999541e+01
3.376846699999999828e+02 9.579458900000000199e+01 7.139164599999999439e+01
-9.404175600000000657e+01 1.864892069999999933e+02 1.505279940000000067e+02
-5.550176900000000302e+01 1.850480180000000132e+02 5.218581300000000311e+01
1.050080009999999930e+02 2.268220499999999902e+02 2.300930529999999976e+02
-1.252048039999999958e+02 1.690547829999999863e+02 8.825777300000000025e+01
6.502171500000000037e+01 9.784655499999999506e+01 1.188326710000000048e+02
3.308520809999999983e+02 7.764816999999999858e+00 6.461302499999999327e+01
-7.988735300000000450e+01 2.055687680000000057e+02 1.383647440000000017e+02
3.819040400000000091e+01 6.830182499999999379e+01 9.599248500000000206e+01
-3.033874499999999941e+01 1.277378400000000056e+02 -1.391415399999999991e+01
2.412122659999999996e+02 1.179467810000000014e+02 1.102016229999999979e+02
3.630717200000000133e+01 5.435295200000000193e+01 3.201162999999999670e+01
2.021742100000000164e+01 1.241024230000000017e+02 7.977279500000000212e+01
7.918500699999999881e+01 1.465606270000000109e+02 9.822060299999999700e+01
5.344240899999999783e+01 1.220236899999999913e+01 1.777489359999999863e+02
1.387650869999999941e+02 1.691335479999999905e+02 1.197768439999999970e+02
-1.119855150000000066e+02 1.796900620000000117e+02 -1.808943820000000073e+02
1.809911140000000103e+02 1.412915910000000110e+02 2.070980889999999874e+02
-5.920992100000000136e+01 3.775385700000000355e+01 1.227557549999999935e+02
1.437190760000000012e+02 1.660746019999999987e+02 -2.591670299999999827e+01
-3.733954399999999652e+01 1.467770140000000083e+02 4.290356700000000245e+01
-3.808108099999999752e+01 6.230271199999999965e+01 -3.978857399999999700e+01
1.623778020000000026e+02 5.357190200000000146e+01 2.059697360000000117e+02
1.276611819999999966e+02 5.937743300000000346e+01 4.105515900000000329e+01
2.982375899999999902e+01 1.866345259999999939e+02 2.290596060000000023e+02
2.351784969999999930e+02 6.515014999999999645e+01 2.422522989999999936e+02
2.787901000000000096e+01 1.120209729999999979e+02 2.001913400000000109e+01
2.674442839999999819e+02 1.465431140000000028e+02 -7.744995699999999772e+01
3.031338589999999726e+02 6.752415000000000589e+01 6.917542799999999659e+01
1.111537299999999995e+01 1.388197260000000028e+02 6.103493600000000185e+01
1.385668839999999875e+02 8.292064899999999739e+01 1.213062230000000028e+02
2.021134539999999902e+02 7.281949000000000183e+01 2.289200739999999996e+02
-3.064433000000000007e+01 1.813371319999999969e+02 1.052577220000000011e+02
1.009883140000000026e+02 1.180263389999999930e+02 2.603064650000000029e+02
1.445718660000000000e+02 1.787477049999999963e+02 7.977375999999999578e+00
4.174965499999999707e+01 2.132983810000000062e+02 2.583923710000000256e+02
-1.926734199999999930e+01 3.502468600000000265e+01 2.610442959999999744e+02
-4.025397000000000247e+01 2.161770850000000053e+02 2.413198309999999935e+02
-6.387813599999999781e+01 3.099021400000000170e+01 6.260300500000000312e+01
2.560163890000000038e+02 -7.929905999999999899e+00 3.380086500000000171e+01
-5.277023700000000161e+01 1.811818989999999872e+02 1.236176600000000008e+02
1.502604099999999931e+01 8.714191099999999324e+01 1.701195400000000006e+02
-1.010495049999999964e+02 6.563795500000000516e+01 8.358050500000000227e+01
2.468571469999999977e+02 -5.288888399999999734e+01 4.679676999999999865e+00
3.206321130000000039e+02 -1.648388900000000135e+01 8.089867900000000134e+01
1.713683899999999838e+01 1.487566520000000025e+02 1.949735509999999863e+02
4.372906400000000104e+01 1.924679390000000012e+02 1.480067200000000014e+02
1.021575359999999932e+02 9.219929500000000644e+01 5.352447699999999742e+01
1.440707519999999988e+02 -5.969464999999999577e+00 6.892304599999999937e+01
3.181968959999999811e+02 1.715399690000000135e+02 -6.479360200000000702e+01
-8.878618699999999819e+01 3.608398999999999912e+00 1.933195880000000102e+02
8.392403199999999686e+01 7.792558099999999399e+01 2.778349150000000236e+02
1.676358960000000025e+02 6.569483400000000017e+01 2.511171950000000095e+02
3.088078499999999735e+02 6.266963299999999748e+01 6.990376100000000292e+01
-3.919071100000000030e+01 2.072581969999999956e+02 1.217627059999999943e+02
4.814639700000000033e+01 -3.169948199999999972e+01 3.394215120000000070e+02
2.135133050000000026e+02 1.201782800000000009e+02 2.795832100000000153e+01
-1.052651989999999955e+02 1.129937560000000047e+02 3.893247729999999933e+02
1.954028900000000135e+02 -7.402176599999999951e+01 3.643077699999999908e+01
1.063401779999999945e+02 1.256135220000000032e+02 7.972521799999999814e+01
3.154193349999999896e+02 1.483416970000000106e+02 5.022278000000000020e+01
-2.311888999999999861e+00 9.404536500000000387e+01 2.977586150000000202e+02
7.454090800000000172e+01 2.054926150000000007e+02 3.142411809999999832e+02
6.803803700000000276e+01 3.226405400000000157e+01 1.158811429999999945e+02
2.426589950000000044e+02 2.443133500000000069e+01 7.969119399999999587e+01
1.095687089999999984e+02 1.442612949999999898e+02 7.655316399999999533e+01
4.117217000000000127e+00 9.766661799999999971e+01 3.271972900000000095e+01
2.288212939999999946e+02 -3.378078299999999956e+01 5.859768300000000352e+01
1.643539560000000108e+02 2.521397299999999930e+01 5.592614100000000121e+01
3.798241000000000156e+01 6.786327500000000157e+01 9.530334200000000067e+01
-1.556979149999999947e+02 1.110199640000000016e+02 1.286672700000000020e+02
-6.620602599999999427e+01 1.705492690000000096e+02 1.226297760000000068e+02
1.868494379999999921e+02 8.545914700000000153e+01 1.703087060000000008e+02
-1.851245199999999969e+01 1.874090539999999976e+02 2.260135830000000112e+02
2.322714200000000062e+01 1.653719230000000096e+02 2.848105570000000171e+02
1.947187000000000001e+00 1.947861430000000098e+02 2.770582630000000108e+02
3.294213340000000017e+02 1.752482259999999883e+02 -1.029102910000000008e+02
-1.742173999999999889e+00 -4.615566299999999700e+01 1.153149719999999974e+02
5.271456400000000286e+01 2.055349950000000092e+02 2.831616400000000056e+01
2.444888000000000172e+00 9.851774799999999743e+01 1.964186239999999941e+02
-4.474101199999999778e+01 1.098604360000000071e+02 1.449252470000000130e+02
3.058828960000000166e+02 2.970227699999999871e+01 -9.099410500000000468e+01
-3.027064400000000077e+01 2.888562630000000127e+02 8.470574299999999823e+01
-1.946442340000000115e+02 7.479992500000000177e+01 -4.780640600000000262e+01
8.289210599999999829e+01 1.006901390000000021e+02 1.152456739999999940e+02
2.100680299999999932e+02 -8.871940399999999727e+01 1.938435350000000028e+02
2.244391770000000008e+02 -1.462407900000000005e+01 1.814947280000000092e+02
-4.241323500000000024e+01 1.478760729999999910e+02 -7.730932300000000623e+01
1.414643770000000131e+02 1.818236500000000078e+01 2.711450550000000135e+02
1.540846950000000106e+02 -8.269719899999999768e+01 2.109628470000000107e+02
-1.486429459999999949e+02 1.041806469999999933e+02 7.701414699999999414e+01
6.406339400000000239e+01 8.655458799999999542e+01 1.408011439999999936e+02
-2.682071200000000033e+01 1.332400799999999919e+01 -5.800661900000000060e+01
-6.192865000000000286e+00 3.737615499999999713e+01 1.543795749999999884e+02
1.816180299999999903e+01 1.889242810000000077e+02 2.648325439999999844e+02
-2.363202599999999975e+01 1.136646620000000070e+02 2.270735929999999883e+02
3.260724000000000178e+00 1.673139789999999891e+02 1.183871000000000038e+02
8.924345599999999479e+01 1.416801680000000090e+02 3.299982979999999770e+02
-6.489408000000000243e+01 4.079128899999999902e+01 1.227946199999999948e+02
-8.884437400000000196e+01 2.327071249999999907e+02 -7.608465900000000204e+01
-8.575053800000000592e+01 4.109327999999999648e+00 7.855754500000000462e+01
2.719335609999999974e+02 1.613032680000000028e+02 1.016261140000000012e+02
-3.514829999999999899e-01 -4.298939800000000133e+01 1.794992440000000045e+02
3.356908169999999814e+02 1.684582609999999931e+02 -8.863695199999999375e+01
3.109344590000000039e+02 1.639024039999999900e+02 -5.589460900000000265e+01
5.258434199999999947e+01 2.310337700000000041e+02 1.909978749999999934e+02
3.686140679999999747e+02 1.464087800000000072e+02 1.340593800000000080e+01
5.307513999999999754e+01 2.373464319999999930e+02 1.606727280000000064e+02
-1.334208600000000011e+01 7.133396299999999712e+01 -3.821961199999999792e+01
1.353084829999999954e+02 2.296237100000000098e+01 -8.075252899999999556e+01
1.505656620000000032e+02 1.094325269999999932e+02 2.450822290000000123e+02
-1.329004000000000074e+00 -7.525163000000000046e+00 1.438106160000000102e+02
9.535840600000000222e+01 -2.756294799999999867e+01 -7.120688000000000351e+00
2.112495989999999892e+02 -2.434474600000000066e+01 1.541123389999999915e+02
2.107079219999999964e+02 4.517084499999999991e+01 -1.547500430000000051e+02
2.701814049999999838e+02 -4.333863000000000021e+00 2.492036900000000088e+01
1.388983900000000027e+01 6.549137399999999332e+01 2.820529819999999859e+02
7.322330000000000005e+00 1.181497729999999962e+02 1.825362649999999860e+02
-1.021999890000000022e+02 1.640315789999999936e+02 -7.033467600000000175e+01
8.411573000000000633e+00 1.203953939999999960e+02 8.795381399999999417e+01
-2.988504400000000061e+01 2.640108799999999860e+02 9.461546500000000037e+01
2.563264159999999947e+02 1.205837080000000014e+02 -7.880240999999999829e+00
7.451134799999999814e+01 3.314642200000000116e+01 2.460844329999999900e+02
1.836959630000000061e+02 -1.573229100000000003e+01 2.237875380000000121e+02
3.958640499999999918e+01 1.107332300000000060e+02 7.471667499999999507e+01
6.175311099999999698e+01 9.908174699999999291e+01 1.163604500000000002e+02
4.056079700000000088e+01 7.479809000000000374e+00 9.878518800000000510e+01
1.649017029999999977e+02 7.024255399999999838e+01 2.067502810000000011e+02
-1.263430039999999934e+02 9.136871299999999962e+01 2.189243700000000104e+01
1.501636460000000000e+02 -9.795899000000000001e+01 1.268377399999999966e+02
-1.234946139999999986e+02 -1.179190400000000061e+01 3.099371350000000120e+02
-1.239902129999999971e+02 3.075160999999999945e+01 4.375577499999999986e+01
-2.214671500000000037e+01 1.992366849999999943e+02 6.901330299999999340e+01
5.844969300000000345e+01 2.236873500000000092e+01 1.827617750000000001e+02
-1.003683920000000001e+02 1.282647709999999961e+02 -7.075374399999999753e+01
-1.089419340000000034e+02 2.214855800000000130e+01 -3.083256400000000141e+01
1.873172889999999882e+02 1.365140399999999943e+01 1.712154539999999940e+02
2.006597150000000056e+02 3.017129699999999914e+01 -1.358861100000000022e+01
-2.799831000000000003e+01 1.051398609999999962e+02 -2.132853599999999972e+01
2.678144520000000171e+02 -1.478625800000000012e+01 -4.774769400000000275e+01
2.540872180000000071e+02 7.242443400000000508e+01 -1.678334389999999985e+02
1.044084179999999975e+02 1.002374659999999977e+02 6.247841600000000284e+01
3.481436999999999671e+01 8.363852500000000134e+01 6.578951800000000105e+01
1.246642920000000032e+02 1.641964600000000019e+02 2.250475240000000099e+02
1.874176850000000059e+02 1.891581429999999955e+02 1.582627909999999929e+02
9.963545100000000332e+01 1.948958010000000058e+02 2.386155779999999993e+02
1.344016019999999969e+02 7.612580400000000225e+01 3.893077989999999886e+02
-1.355047490000000039e+02 2.349358520000000112e+02 -2.055808999999999997e+01
6.361516100000000051e+01 2.051744160000000079e+02 6.150485599999999664e+01
-1.301051209999999969e+02 1.274186899999999980e+02 1.039072769999999934e+02
1.070315539999999999e+02 2.028497710000000041e+02 1.307920799999999950e+01
3.735969699999999705e+01 4.692408400000000057e+01 2.535215770000000077e+02
7.072368600000000072e+01 9.100520699999999863e+01 1.321455809999999929e+02
8.244809999999999661e+01 1.229803320000000042e+02 1.363112549999999885e+02
2.615311200000000014e+01 1.048923300000000012e+02 7.745507899999999779e+01
1.594130769999999870e+02 6.853642999999999574e+01 4.147113000000000049e+00
-1.942843200000000081e+01 -6.818432500000000118e+01 1.715099069999999983e+02
7.342613599999999963e+01 1.463727020000000039e+02 4.480562400000000167e+01
-2.209285399999999910e+01 2.280129029999999943e+02 5.726910500000000326e+01
1.437887729999999920e+02 -2.468866299999999825e+01 1.108488949999999988e+02
-6.223087900000000161e+01 2.219423909999999864e+02 9.541935300000000097e+01
1.141035640000000058e+02 2.468009079999999926e+02 2.202785810000000026e+02
-1.032336549999999988e+02 8.623962699999999870e+01 1.112849240000000037e+02
-1.559401809999999955e+02 1.126576189999999968e+02 1.050925919999999962e+02
-1.400526889999999867e+02 2.077385309999999947e+02 4.200844299999999976e+01
3.531186690000000112e+02 3.285828800000000172e+01 -1.555563999999999947e+00
-7.509895799999999610e+01 1.910407179999999983e+02 1.180685399999999952e+01
3.046330500000000256e+02 8.761885700000000554e+01 3.750006400000000184e+01
8.187563299999999344e+01 6.023075599999999952e+01 2.813222420000000170e+02
-1.162017479999999949e+02 2.360786970000000053e+02 7.690712200000000109e+01
-9.802048200000000122e+01 -3.657067500000000138e+01 2.073518950000000132e+02
3.162549930000000131e+02 4.792095400000000183e+01 -5.790998700000000099e+01
-7.685056600000000060e+01 2.381194279999999992e+02 -8.275521000000000527e+01
8.670853700000000686e+01 1.009395509999999945e+02 1.600787390000000130e+02
1.784565870000000132e+02 6.796708300000000236e+01 2.356227719999999977e+02
-7.300172600000000500e+01 1.681133210000000133e+02 8.488540299999999661e+01
3.252153509999999983e+02 5.277905700000000166e+01 6.168174199999999985e+01
1.672865699999999833e+01 2.243523889999999881e+02 1.266990190000000069e+02
-5.755304399999999987e+01 4.887630200000000258e+01 1.492717470000000048e+02
-1.214276660000000021e+02 1.142050440000000009e+02 1.056562370000000044e+02
-3.724515999999999938e+00 7.961998800000000642e+01 1.489041919999999948e+02
1.307427189999999939e+02 5.815510299999999688e+01 2.728773590000000127e+02
2.647290429999999901e+02 1.007866350000000040e+02 9.896707200000000171e+01
-1.464048400000000072e+01 2.835917880000000082e+02 1.452829160000000002e+02
1.596467110000000105e+02 -1.092636789999999962e+02 1.496070839999999862e+02
2.170261800000000108e+01 1.078109599999999944e+02 2.592898850000000266e+02
7.707911500000000160e+01 1.073269180000000063e+02 6.654185400000000072e+01
-2.152920800000000057e+01 8.823699000000000581e+01 -1.179113509999999962e+02
-2.796283899999999889e+01 5.406592599999999749e+01 2.412952449999999942e+02
3.035976430000000050e+02 5.026068999999999676e+01 2.533273099999999900e+01
1.353933900000000108e+02 1.409163760000000138e+02 1.988641300000000101e+01
-2.119123700000000099e+01 5.535739999999999661e+00 1.330383270000000095e+02
-7.456443899999999303e+01 1.011790160000000043e+02 1.033842499999999944e+02
3.395332129999999893e+02 2.828618499999999969e+01 4.880055999999999727e+01
1.058658649999999994e+02 2.013269160000000113e+02 3.179640830000000165e+02
7.558611399999999492e+01 1.683412230000000136e+02 2.270956699999999984e+01
1.368788399999999967e+02 3.667951999999999657e+01 -6.014518999999999949e+01
1.586349270000000047e+02 1.409360680000000059e+02 6.031060000000000088e+00
-1.009731670000000037e+02 3.849825700000000239e+01 2.929506399999999999e+01
2.459021840000000054e+02 2.057241930000000139e+02 2.682782419999999775e+02
-6.621294799999999725e+01 1.886607390000000066e+02 2.727458570000000009e+02
3.284946200000000260e+01 5.564455699999999894e+01 1.893824160000000063e+02
-8.427873499999999751e+01 2.086658899999999903e+02 9.613187999999999178e+00
3.024326219999999807e+02 1.455596989999999948e+02 -1.138014500000000062e+01
6.170443600000000117e+01 2.220177599999999885e+01 3.066057359999999790e+02
-5.396531699999999887e+01 -3.662809299999999979e+01 1.285728100000000040e+02
4.190026000000000295e+01 6.262434400000000068e+01 1.064980390000000057e+02
4.946102100000000235e+01 -5.251553999999999611e+00 1.458452900000000056e+02
1.558669639999999958e+02 1.648473970000000008e+02 2.268773649999999975e+02
-1.406991629999999986e+02 1.700885299999999916e+02 -2.861138400000000104e+01
6.257133199999999817e+01 2.276412500000000136e+02 1.605828899999999919e+02
-1.092336130000000054e+02 4.207130800000000193e+01 4.316560599999999681e+01
2.594314150000000154e+02 2.231846300000000127e+01 -2.639393099999999848e+01
-1.016169670000000025e+02 5.638939799999999991e+01 3.964132500000000192e+01
1.417636799999999937e+02 8.031257899999999950e+01 2.096060850000000073e+02
8.172482499999999561e+01 1.133805150000000026e+02 1.446387279999999862e+02
-7.422754600000000380e+01 1.010992580000000061e+02 1.032192610000000030e+02
1.129100900000000074e+01 1.795856880000000046e+02 1.728077140000000043e+02
-3.786198000000000174e+00 3.515789600000000092e+01 2.409182979999999930e+02
-3.311599400000000060e+01 1.900645150000000001e+02 -4.323085700000000031e+01
5.770566800000000285e+01 1.185407459999999986e+02 1.487801069999999868e+02
-4.807724600000000237e+01 2.036515670000000000e+02 1.153998820000000052e+02
-8.680965399999999477e+01 -3.480661899999999775e+01 2.627848880000000236e+02
5.264251200000000352e+01 7.056715599999999711e+01 1.904044499999999829e+01
1.437585019999999929e+02 6.683344400000000007e+01 1.382170699999999997e+01
-4.865965000000000096e+00 4.134018100000000118e+01 2.935823009999999726e+02
1.644726090000000056e+02 -7.873712100000000191e+01 2.090962639999999908e+02
2.731996780000000058e+02 1.826802209999999889e+02 6.355236899999999878e+01
1.544288899999999956e+02 3.551153800000000160e+01 3.428891619999999989e+02
8.889877400000000307e+01 -9.018434200000000089e+01 2.083230729999999937e+02
1.836949789999999894e+02 1.538587310000000059e+02 1.281299630000000036e+02
4.970133599999999774e+01 1.006434239999999960e+02 -1.601374399999999909e+01
1.211075940000000060e+02 1.033165200000000006e+01 -1.941382199999999969e+01
2.677864910000000123e+02 7.610824900000000071e+01 2.183795790000000068e+02
8.812385600000000352e+01 7.511038600000000542e+01 1.246609499999999997e+02
2.555687049999999942e+02 -3.388058999999999799e+01 -6.492912400000000162e+01
-4.574154399999999754e+01 3.306962899999999905e+01 -4.002338600000000213e+01
3.218110699999999724e+01 -5.995315500000000242e+01 8.670346399999999676e+01
-6.643907900000000666e+01 3.447171000000000163e+01 4.594756399999999985e+01
8.829342200000000673e+01 1.687390809999999988e+02 2.077438930000000141e+02
-6.201879100000000022e+01 1.428741339999999980e+02 3.437208799999999798e+01
-8.549432099999999934e+01 1.122043209999999931e+02 1.293519679999999994e+02
1.313883419999999944e+02 8.651302499999999895e+01 -3.271830599999999833e+01
1.837822089999999946e+02 5.978501899999999836e+01 1.739667000000000030e+02
3.292743879999999876e+02 6.553005999999999887e+00 -6.322561900000000179e+01
-7.642072600000000193e+01 2.030620429999999885e+02 1.326361299999999943e+01
2.070115099999999870e+02 -9.635530900000000543e+01 3.022376200000000068e+01
3.102969500000000025e+01 8.355337000000000458e+00 1.727425770000000114e+02
3.362214500000000044e+02 1.280385870000000068e+02 8.655799100000000124e+01
2.671869699999999739e+02 1.652461590000000058e+02 1.516498229999999978e+02
-1.035116890000000041e+02 -5.071572999999999887e+00 2.082501029999999957e+02
2.405156999999999989e+00 2.834796059999999898e+02 1.177016969999999958e+02
-8.498457899999999654e+01 4.435169499999999942e+01 1.145436229999999966e+02
-1.701763400000000104e+01 2.134501700000000142e+02 1.915807079999999871e+02
1.747945510000000127e+02 1.723834909999999923e+02 1.400889919999999904e+02
-1.642353200000000157e+01 1.419505719999999940e+02 2.122404840000000092e+02
1.928338410000000067e+02 -6.195026000000000010e+01 3.990560099999999721e+01
1.525557760000000087e+02 5.279422600000000187e+01 3.404256679999999733e+02
-1.387990760000000137e+02 2.290675779999999975e+02 -1.072313139999999976e+02
4.299110600000000204e+01 -2.161534999999999940e+01 9.918457499999999527e+01
1.838386150000000043e+02 8.143795299999999315e+01 6.193813800000000214e+01
3.136230840000000057e+02 -1.973456699999999842e+01 -1.228464960000000019e+02
3.162128700000000094e+02 1.097508650000000046e+02 -4.969447600000000165e+01
1.568669179999999983e+02 4.796119699999999852e+01 1.087078659999999957e+02
-1.071681980000000038e+02 1.303483319999999992e+02 2.061946340000000077e+02
2.876573379999999815e+02 1.797058570000000088e+02 -1.129301899999999961e+02
4.038995299999999844e+01 1.082400999999999947e+01 2.606925709999999867e+02
3.576116109999999821e+02 4.052982099999999832e+01 -7.120602700000000596e+01
-5.047730599999999868e+01 5.427844000000000335e+01 2.017503759999999886e+02
1.522223290000000020e+02 1.815148079999999879e+02 1.283997100000000025e+01
1.452152969999999925e+02 -1.052619660000000010e+02 2.026086549999999988e+02
2.397602449999999976e+02 -5.078124300000000346e+01 -3.800499999999999989e+00
7.578977600000000336e+01 1.690248670000000004e+02 4.568992599999999982e+01
1.928614120000000014e+02 1.395682160000000067e+02 1.200736880000000042e+02
2.009682139999999890e+02 -7.480571299999999724e+01 1.847467210000000080e+02
3.438257000000000119e+01 2.302052600000000027e+01 1.777123899999999992e+02
9.201510299999999631e+01 5.158751600000000082e+01 -5.539866399999999658e+01
-1.016278709999999990e+02 2.610389880000000176e+02 -1.202430149999999998e+02
8.529827199999999721e+01 9.759091899999999953e+01 5.918252400000000080e+01
6.394062600000000174e+01 -9.366429999999999367e+00 3.992120620000000031e+02
7.463577200000000289e+01 1.197466059999999999e+02 3.977084209999999871e+02
2.656851810000000000e+02 1.420737199999999945e+01 5.332951800000000020e+01
-3.323479499999999831e+01 1.550312989999999900e+02 1.099574290000000047e+02
1.321662310000000105e+02 1.520584949999999935e+02 1.303657530000000122e+02
4.301689900000000222e+01 1.199705710000000067e+02 2.292023169999999936e+02
-1.182997730000000018e+02 1.883748080000000016e+02 -8.592329800000000262e+01
1.394261229999999898e+02 2.739950899999999834e+01 7.393556900000000098e+01
5.164074200000000303e+01 2.777229300000000123e+01 -1.626719500000000096e+01
1.215718880000000013e+02 1.860801739999999995e+02 2.259929140000000132e+02
1.448244640000000061e+02 1.631831190000000049e+02 2.803835659999999734e+02
2.861346270000000231e+02 3.024689899999999909e+01 7.871765499999999349e+01
-7.245754800000000273e+01 1.155647739999999999e+02 4.253152599999999950e+01
-5.948084800000000172e+01 2.714415210000000229e+02 6.038770499999999686e+01
3.595683799999999763e+01 1.369071439999999882e+02 5.865399599999999936e+01
-9.693569399999999803e+01 2.746832939999999894e+02 1.758492299999999986e+01
-1.942921499999999924e+01 2.027412549999999953e+02 2.116999250000000075e+02
-2.638376000000000055e+00 1.760996360000000038e+02 1.808141050000000121e+02
5.971787599999999685e+01 1.935161109999999951e+02 1.918294300000000021e+02
-4.610268800000000056e+01 1.648669079999999951e+02 -6.015526000000000373e+00
6.578191999999999950e+01 9.949537899999999979e+01 1.276444999999999936e+02
9.818199300000000562e+01 1.631593059999999866e+02 2.490211999999999932e+02
-1.031767279999999971e+02 2.450520420000000001e+02 5.295507400000000331e+01
1.837428800000000138e+02 1.244073290000000043e+02 1.244852369999999979e+02
7.255272800000000188e+01 1.739141109999999912e+02 7.821025299999999447e+01
1.871081100000000106e+02 -6.654344100000000140e+01 2.115521510000000092e+02
3.333261300000000205e+01 7.219392999999999461e+01 1.629757150000000081e+02
3.146101859999999988e+02 1.243215160000000026e+02 3.091254299999999944e+01
3.646022399999999664e+01 6.129260699999999673e+01 1.866713440000000048e+02
8.331048499999999990e+01 6.386259100000000188e+01 4.415436600000000311e+01
-6.695870000000000211e+00 6.225445200000000057e+01 1.498856299999999919e+02
1.371460199999999929e+01 6.928587500000000432e+01 1.870089529999999911e+02
8.030093899999999962e+01 2.642010799999999904e+01 1.354071820000000059e+02
-1.381181070000000091e+02 2.184652820000000020e+02 4.569870000000000232e+01
-8.185342599999999891e+01 6.174173999999999829e+00 4.983001900000000006e+01
-7.613510100000000591e+01 1.520022960000000012e+02 8.399491399999999430e+01
1.041552539999999993e+02 1.597903660000000059e+02 1.347865700000000118e+02
1.379652600000000007e+01 6.375095600000000218e+01 1.149398400000000038e+02
3.290969440000000077e+02 1.261511560000000003e+02 -8.989127999999999474e+01
1.056996010000000012e+02 1.074031149999999997e+02 6.384845000000000326e+00
-1.266342399999999913e+01 3.339351500000000073e+01 -1.687985799999999870e+01
1.640805000000000007e+02 -4.792228899999999925e+01 1.820965689999999881e+02
1.456076199999999972e+02 -1.064056290000000047e+02 1.495101050000000100e+02
1.571547820000000115e+02 6.842482400000000098e+01 4.927984000000000364e+00
2.856341249999999832e+02 1.309267189999999914e+02 1.981585890000000063e+02
-5.699585799999999836e+01 9.607173500000000388e+01 -4.061518600000000134e+01
8.344551400000000285e+01 1.818576140000000123e+02 6.809862200000000598e+01
2.095020989999999870e+02 -8.857667200000000207e+01 -2.054091199999999873e+01
1.716132200000000125e+02 1.061842280000000045e+02 2.064096820000000037e+02
2.169930659999999989e+02 1.484302010000000109e+02 2.972826939999999922e+02
2.997567760000000021e+02 1.297564500000000010e+01 -8.069215199999999300e+01
-5.142649999999999721e+00 2.145052880000000073e+02 2.007373330000000067e+02
3.077240889999999922e+02 9.507790900000000534e+01 -6.940354000000000667e+01
3.960051700000000352e+01 1.305829809999999895e+02 2.548344170000000020e+02
1.577992089999999905e+02 4.130385999999999669e+00 1.515210659999999905e+02
-2.259309000000000012e+01 4.804683899999999852e+01 2.510875670000000071e+02
5.316837999999999731e+00 1.390709299999999971e+01 7.457242300000000057e+01
1.739449749999999995e+02 2.514737979999999880e+02 1.489731160000000045e+02
-1.646185900000000046e+01 1.944260580000000118e+02 1.155260080000000045e+02
1.364488499999999931e+02 1.449481040000000007e+02 1.716962780000000066e+02
-2.748476900000000001e+01 1.152843639999999965e+02 7.455071700000000590e+01
3.851198000000000121e+01 -4.989734700000000345e+01 5.547433199999999687e+01
1.643028559999999914e+02 1.106111889999999960e+02 1.525931630000000041e+02
-4.861191099999999921e+01 2.678220370000000230e+02 3.804346499999999764e+01
-4.315770599999999746e+01 2.855138029999999958e+02 9.213243000000000293e+00
2.668322479999999928e+02 7.742087200000000280e+01 -1.005773399999999995e+01
-6.376519600000000310e+01 1.077097959999999972e+02 1.265254099999999937e+02
6.066592299999999938e+01 4.277872599999999892e+01 4.127247599999999750e+01
2.709260320000000206e+02 1.467927630000000079e+02 1.000329679999999968e+02
2.416322900000000118e+01 7.176970199999999522e+01 -2.608172199999999918e+01
2.264372600000000091e+02 2.124840100000000120e+02 5.641583599999999876e+01
5.089366100000000159e+01 2.187391890000000103e+02 1.988281910000000039e+02
5.904841100000000154e+01 9.492824099999999987e+01 2.181415470000000028e+02
2.012315560000000119e+02 1.349076129999999978e+02 1.227952339999999936e+02
1.173174200000000056e+01 9.803676500000000260e+01 -6.225501000000000396e+00
-1.354484909999999900e+02 1.420295240000000092e+02 2.254348500000000044e+01
-1.176962400000000031e+01 -1.064154899999999948e+01 1.488056620000000123e+02
2.140189550000000054e+02 -3.441185200000000322e+01 1.530485860000000002e+02
3.960841899999999782e+01 7.583982799999999713e+01 5.992683499999999697e+01
-3.374010100000000278e+01 5.663446100000000172e+01 2.448679980000000000e+02
2.012092759999999885e+02 5.153498199999999940e+01 1.511938370000000020e+02
3.276934200000000033e+02 9.604621000000000208e+01 -1.876139999999999919e+00
-1.535331309999999974e+02 2.220246779999999944e+02 9.788076399999999921e+01
-2.491907899999999998e+01 1.746338540000000137e+02 1.036368060000000071e+02
-1.358925429999999892e+02 2.345793630000000007e+02 3.166969450000000279e+02
1.112023010000000056e+02 2.119468900000000033e+01 1.554492419999999981e+02
1.603926460000000134e+02 1.061849590000000063e+02 2.639454049999999938e+02
2.421443000000000012e+00 1.856268430000000080e+02 7.594369500000000528e+01
-2.310463299999999975e+01 2.067866569999999911e+02 1.180779720000000026e+02
5.673027499999999890e+01 2.331479900000000072e+01 3.099466100000000068e+01
-1.024996100000000041e+02 2.621415700000000015e+01 2.073729329999999891e+02
6.660966500000000678e+01 2.618373300000000015e+01 3.038099100000000163e+01
-9.544599599999999384e+01 8.936789699999999925e+01 2.627849049999999806e+02
-1.853545369999999934e+02 1.895333479999999895e+02 -1.079064999999999941e+00
8.082159099999999796e+01 1.076083289999999977e+02 1.297624340000000132e+02
3.204121180000000209e+02 1.600552450000000135e+02 7.026691200000000492e+01
7.923475100000000282e+01 4.462370299999999901e+01 2.857951469999999858e+02
-2.563531199999999899e+01 1.547090039999999931e+02 6.531389299999999309e+01
-4.581923599999999652e+01 1.097082029999999975e+02 1.449603520000000003e+02
2.938370669999999905e+02 3.407275800000000032e+01 -2.339874299999999963e+01
1.386576299999999939e+01 1.063452039999999954e+02 2.593500540000000001e+02
1.909917360000000031e+02 2.187155539999999974e+02 1.382996699999999919e+02
3.246687309999999798e+02 2.228577299999999894e+01 -1.144905339999999967e+02
4.032928299999999666e+01 5.367290200000000056e+01 1.050568389999999965e+02
9.899513600000000224e+01 1.387366199999999878e+02 7.618087800000000698e+01
8.120107699999999795e+01 4.744189999999999685e+01 3.683216199999999674e+01
-5.249833000000000283e+01 8.279306099999999446e+01 -3.113272399999999962e+01
2.427357629999999915e+02 -2.756463300000000061e+01 1.472567699999999924e+01
3.238411919999999782e+02 -2.938074699999999950e+01 4.406311999999999784e+01
3.063507700000000114e+02 1.839366469999999936e+02 6.573751999999999818e+00
1.486775419999999883e+02 1.352470730000000003e+02 8.638248099999999852e+01
-1.329226380000000063e+02 6.226829800000000148e+01 3.904477599999999882e+01
1.659534950000000038e+02 1.941675400000000096e+01 5.046530099999999663e+01
2.576935970000000111e+02 1.236250840000000011e+02 5.660665600000000097e+01
1.662437659999999937e+02 3.216441900000000231e+01 1.201815710000000053e+02
-6.397349700000000183e+01 -2.031051199999999923e+01 1.950287350000000117e+02
-6.779952299999999354e+01 1.830420990000000074e+02 -1.701016600000000167e+01
-1.095941090000000031e+02 1.150304699999999940e+02 -1.293179409999999905e+02
1.432975079999999934e+02 4.116642999999999830e+00 1.182889760000000052e+02
-1.727819799999999972e+01 1.266814219999999978e+02 2.192366859999999917e+02
3.557067630000000236e+02 1.291086259999999868e+02 6.937590000000000146e+00
2.535216899999999995e+01 9.073378900000000158e+01 3.278717070000000149e+02
2.145027069999999867e+02 -7.696778999999999371e+01 4.032578699999999827e+01
2.809325430000000097e+02 5.807250400000000212e+01 -4.031033200000000249e+01
2.848251900000000205e+02 1.156006670000000014e+02 -1.196967800000000040e+02
3.174660899999999941e+01 9.169288899999999387e+01 7.121173899999999435e+01
2.241344919999999945e+02 1.874004909999999882e+02 1.798672109999999975e+02
5.972836099999999959e+01 9.605612000000000705e+01 2.180420420000000092e+02
1.426609019999999930e+02 8.342966300000000501e+01 1.471809869999999876e+02
-5.745958999999999861e+01 1.515338109999999858e+02 2.217476819999999975e+02
-4.355094000000000243e+00 2.141719600000000128e+02 3.143634050000000002e+02
3.172048189999999863e+02 3.790330999999999761e+01 -1.319155340000000081e+02
5.252868999999999744e+01 2.432783009999999990e+02 2.042699959999999919e+02
3.582144480000000044e+02 2.800408300000000139e+01 -1.124661090000000030e+02
5.715399599999999936e+01 6.255635199999999685e+01 -5.600940400000000352e+01
3.279777200000000192e+01 2.959440299999999979e+01 1.798389339999999947e+02
3.218034160000000270e+02 -2.359929299999999941e+01 4.647538300000000078e+01
2.586339659999999867e+02 1.940056050000000027e+02 1.376770339999999919e+02
9.788119600000000275e+01 2.588677979999999934e+02 3.856255709999999794e+02
1.865733130000000131e+02 8.898262200000000632e+01 6.296933299999999889e+01
3.063742730000000165e+02 6.490857400000000155e+01 -1.036620300000000050e+01
-1.047079800000000063e+02 3.222643200000000263e+01 2.060637000000000114e+02
-7.268497600000000602e+01 2.470392760000000010e+02 1.464277510000000007e+02
1.884883299999999906e+02 1.005010060000000038e+02 4.000262730000000033e+02
-8.288279599999999903e+01 1.410978279999999927e+02 2.386552409999999895e+02
1.346749880000000132e+02 7.092920800000000270e+01 1.246401440000000065e+02
-1.915188799999999958e+02 2.378550639999999987e+02 -1.557055999999999996e+00
1.036775099999999981e+02 9.008023900000000594e+01 -9.694540000000000379e-01
1.716005550000000142e+02 1.346738599999999941e+01 -2.407015399999999872e+01
1.809612899999999911e+02 5.966823800000000233e+01 5.547691900000000231e+01
1.833913630000000126e+02 2.636728909999999928e+02 1.214163379999999961e+02
1.391954819999999984e+02 2.710519000000000034e+01 7.322669700000000148e+01
3.288723380000000134e+02 -1.749321099999999873e+01 -8.532958200000000204e+01
4.122489399999999904e+01 9.182044799999999896e+01 1.966204400000000163e+01
1.288891989999999907e+02 3.317642099999999772e+01 1.916457540000000108e+02
-1.199706979999999987e+02 2.059540560000000085e+02 -1.028435290000000037e+02
2.443992489999999975e+02 -3.507480000000000042e-01 1.990215450000000033e+02
1.465144600000000139e+02 -1.353380399999999995e+01 4.606150099999999981e+01
-4.681873300000000171e+01 1.892865569999999877e+02 1.279271779999999978e+02
6.339005499999999671e+01 1.295620250000000055e+02 3.760965979999999718e+02
-1.203004600000000046e+01 1.698204259999999977e+02 -5.523887799999999970e+01
-2.620765899999999959e+01 2.825432410000000232e+02 5.456168300000000215e+01
2.098492950000000121e+02 8.040302599999999700e+01 -8.043891399999999692e+01
2.262732899999999958e+01 -3.110097000000000023e+01 2.314352749999999901e+02
1.010693360000000069e+02 -3.136930500000000066e+01 2.116416000000000111e+02
1.749187670000000026e+02 7.573145900000000097e+01 1.797455559999999934e+02
-6.984422700000000361e+01 2.611177170000000274e+02 -6.946961100000000044e+01
-8.518383199999999533e+01 -1.264274299999999940e+01 1.859536190000000033e+02
3.760027099999999933e+01 7.975888000000000488e+01 6.327642199999999661e+01
1.303685729999999978e+02 1.893533299999999997e+02 8.988760100000000364e+01
-2.006117100000000164e+01 -6.074393400000000298e+01 1.896687569999999994e+02
8.508430400000000304e+01 6.556409700000000385e+01 1.902040440000000103e+02
-1.548985099999999875e+02 2.549635240000000067e+02 -4.438962399999999775e+01
2.193196100000000115e+02 1.437678089999999997e+02 2.426112300000000062e+02
1.786660559999999975e+02 8.793631299999999840e+01 -7.644670999999999594e+01
-5.800877100000000297e+01 7.412503499999999690e+01 1.262478169999999977e+02
2.769347149999999829e+02 3.931003799999999870e+01 -3.785333299999999923e+01
1.459847739999999874e+02 1.389403460000000052e+02 1.622774919999999952e+02
-9.097100000000000186e-01 2.718700499999999920e+01 2.902147679999999923e+02
-1.134536690000000050e+02 8.623863500000000215e+01 8.354902599999999779e+01
1.935403110000000027e+02 1.863429490000000044e+02 1.383140249999999867e+02
1.199006700000000052e+02 1.043778559999999942e+02 8.784789200000000164e+01
7.692060600000000647e+01 1.527219739999999888e+02 1.002670449999999960e+02
1.640538050000000112e+02 -9.023716400000000704e+01 1.256913710000000037e+02
3.218606239999999730e+02 6.835532499999999345e+01 -1.064994700000000023e+02
1.439899990000000116e+02 1.259109600000000029e+01 1.730370979999999861e+02
1.785738310000000126e+02 4.704176499999999805e+01 2.290883609999999919e+02
4.490196399999999954e+01 8.656062199999999507e+01 1.878961449999999900e+02
1.238214219999999983e+02 7.616416099999999290e+01 2.693199359999999842e+02
-3.951316400000000328e+01 1.733076810000000023e+02 -4.161659999999999826e+01
-7.606110300000000279e+01 1.114155399999999929e+02 8.035899399999999559e+01
8.509262099999999407e+01 -3.519224100000000277e+01 3.084111800000000017e+02
1.325739320000000134e+02 1.022089440000000025e+02 2.172066749999999900e+02
3.358778999999999826e+01 7.067348499999999945e+01 2.414915039999999919e+02
-6.622836700000000576e+01 2.433843469999999911e+02 6.969217899999999588e+01
1.497394189999999981e+02 1.772305839999999932e+02 7.702433299999999861e+01
2.882866319999999973e+02 1.522596619999999916e+02 2.432099999999999887e-02
-1.390523000000000025e+02 9.397811199999999587e+01 7.668649399999999616e+01
3.549421300000000201e+01 4.806191100000000205e+01 1.363499639999999999e+02
-4.099197199999999697e+01 1.384805100000000095e+02 1.789777339999999981e+02
9.882780900000000202e+01 1.324776190000000042e+02 2.553587330000000009e+02
3.901932599999999951e+01 1.300827610000000050e+02 2.551415599999999984e+02
1.572032500000000077e+01 1.703986600000000067e+02 2.026636640000000114e+02
-7.900043200000000354e+01 2.034468720000000133e+02 1.742487820000000056e+02
2.982871840000000248e+02 3.056796399999999991e+01 -1.868228500000000025e+01
2.514063099999999906e+01 1.839425439999999981e+02 3.482656129999999735e+02
6.597002200000000016e+01 9.832047400000000437e+01 3.086640509999999722e+02
6.582056500000000199e+01 3.327013500000000334e+01 3.319448299999999819e+01
1.991821370000000115e+02 1.938368590000000040e+02 2.055387680000000046e+02
1.931779200000000074e+01 4.104640400000000255e+01 1.858797879999999907e+02
-7.616867399999999577e+01 1.116364250000000027e+02 7.971113200000000631e+01
-1.809325130000000001e+02 2.139802840000000117e+02 1.984331699999999898e+01
-1.545794400000000053e+02 1.133126989999999950e+02 7.674456600000000606e+01
7.134926199999999596e+01 1.140321799999999968e+02 1.149385070000000013e+02
-7.680773899999999799e+01 3.181854900000000086e+01 -7.767693400000000281e+01
2.319253480000000138e+02 1.218708050000000043e+02 7.868185400000000129e+01
1.727535929999999951e+02 1.420947150000000079e+02 9.572796200000000510e+01
7.983620100000000264e+01 -4.309916799999999881e+01 1.511014470000000074e+02
1.387031230000000050e+02 -1.424774099999999954e+01 2.803177370000000224e+02
-9.150054099999999835e+01 -2.700890999999999931e+00 1.250735729999999961e+02
-3.023629299999999986e+01 1.674465399999999988e+02 6.691300599999999577e+01
-6.313305299999999676e+01 2.238242960000000039e+02 6.319078999999999979e+01
2.168679950000000076e+02 1.805660999999999916e+01 2.558761599999999987e+02
3.636802000000000135e+01 1.475775840000000017e+02 5.165064699999999931e+01
5.986052800000000218e+01 1.520597899999999925e+01 1.209343719999999962e+02
2.380660599999999860e+01 1.035247920000000050e+02 7.741878300000000479e+01
1.925873880000000042e+02 1.742721579999999904e+02 1.418016149999999982e+02
3.902011199999999747e+01 2.364314459999999940e+02 2.475827519999999993e+02
3.161475379999999973e+02 3.258037499999999653e+01 -5.417335700000000287e+01
-2.167107599999999934e+01 5.148500500000000102e+01 2.265528869999999984e+02
-1.313589719999999943e+02 3.898895799999999667e+01 -8.910327999999999804e+00
2.263195310000000120e+02 2.701597200000000143e+01 5.942217999999999734e+01
-1.043750099999999925e+01 2.312471439999999916e+02 2.664117640000000051e+02
-6.205133099999999757e+01 6.099978000000000122e+01 2.548627000000000109e+01
2.108823380000000043e+02 1.107795650000000052e+02 2.306780249999999910e+02
3.933350999999999686e+01 4.351731000000000193e+01 1.032609829999999960e+02
-4.125358500000000106e+01 1.098248399999999947e+02 -3.476516999999999857e+00
1.488313780000000008e+02 6.934661900000000401e+01 2.044216790000000117e+02
-5.806778800000000018e+01 1.251227700000000027e+02 1.347229529999999897e+02
-1.253124849999999952e+02 1.547285090000000025e+02 1.657027270000000101e+02
1.212245500000000042e+01 1.560254390000000058e+02 3.363376840000000243e+02
7.802113000000000298e+00 1.840640779999999950e+02 9.302081400000000144e+01
2.427512930000000040e+02 1.062881169999999997e+02 7.569049900000000264e+01
1.473379250000000127e+02 1.604422749999999951e+02 -2.665066099999999949e+01
1.686107560000000092e+02 8.842280900000000088e+01 2.053281599999999969e+02
-3.367846800000000229e+01 9.283751100000000633e+01 2.413081889999999987e+02
-1.228711119999999966e+02 1.840316779999999994e+02 1.055735200000000020e+02
3.158628160000000094e+02 1.268095909999999975e+02 6.200935000000000308e+00
-7.803093499999999949e+01 9.991272100000000478e+01 -5.174485800000000069e+01
-4.624830200000000247e+01 8.307809999999999917e-01 -3.004325599999999952e+01
3.096045000000000158e+00 2.476517230000000040e+02 1.113556200000000018e+02
1.208995200000000025e+01 2.499755649999999889e+02 1.472637249999999938e+02
8.567576200000000597e+01 9.531770199999999704e+01 2.744276429999999891e+02
2.366180500000000109e+01 2.802037100000000081e+01 1.279697139999999962e+02
3.315149779999999851e+02 7.823062699999999836e+01 6.773957400000000462e+01
2.431250459999999975e+02 1.278881630000000058e+02 1.278367099999999965e+02
8.446519499999999425e+01 1.659740280000000041e+02 -2.533304499999999848e+01
2.010760980000000018e+02 -4.547072399999999703e+01 2.483028879999999958e+02
-6.930206499999999892e+01 2.517077009999999859e+02 -6.596175499999999658e+01
-1.161431390000000050e+02 2.290446499999999830e+01 3.533088450000000194e+02
1.508797380000000032e+02 6.332343300000000141e+01 1.626828399999999988e+02
-8.749959300000000439e+01 1.938123200000000068e+01 2.481006599999999906e+01
3.469181100000000129e+01 4.711682999999999844e+00 2.364784209999999973e+02
2.189427760000000092e+02 -6.649822399999999334e+01 4.491555600000000226e+01
-6.752049300000000187e+01 2.617372599999999920e+02 9.945771399999999574e+01
-3.388749399999999667e+01 1.968406940000000134e+02 1.200417840000000069e+02
1.623431060000000059e+02 1.663913400000000138e+02 2.164231900000000053e+01
3.146090290000000209e+02 8.236406700000000569e+01 -1.294549660000000131e+02
2.128692420000000141e+02 1.413077879999999880e+02 7.052616799999999841e+01
2.524033980000000099e+02 5.551232100000000003e+01 -1.555961829999999964e+02
2.910240229999999997e+02 9.784220500000000698e+01 -1.061474659999999943e+02
-3.519263099999999866e+01 2.498291859999999929e+02 3.101925400000000081e+02
-5.054987999999999815e+00 2.373781599999999870e+01 1.566863180000000000e+02
2.119811620000000119e+02 -7.470906000000000269e+00 6.429262900000000514e+01
3.134711599999999976e+01 8.597220400000000495e+01 8.690185499999999763e+01
-6.578329399999999794e+01 7.420997500000000002e+01 1.484506110000000092e+02
-2.768679300000000154e+01 1.195736830000000026e+02 1.659685499999999934e+02
3.236172930000000179e+02 1.362129239999999868e+02 -1.237700000000000085e-02
1.520652589999999975e+02 1.015930350000000004e+02 -1.757896600000000120e+01
6.264738400000000240e+01 1.218979649999999992e+02 6.989242699999999786e+01
8.091732700000000023e+01 1.063530590000000018e+02 1.481020159999999919e+02
-5.685707999999999984e+00 7.139021800000000439e+01 1.496075250000000096e+02
-1.244494470000000064e+02 2.603307970000000182e+02 7.771783600000000547e+01
9.104290699999999958e+01 1.034329800000000006e+02 1.934803459999999973e+02
-6.089525600000000338e+01 1.631701600000000099e+02 -5.652175299999999680e+01
3.308897799999999734e+01 3.565882200000000068e+01 1.489876859999999965e+02
1.381642080000000021e+02 3.101072800000000029e+01 -2.389079200000000114e+01
5.794204999999999828e+00 9.385644999999999527e+01 1.491622230000000116e+02
3.062850800000000007e+01 1.703597540000000095e+02 -7.940590000000000259e+00
1.902411170000000027e+02 1.060101719999999972e+02 6.539926699999999471e+01
-1.656552670000000091e+02 2.345710510000000113e+02 -2.212200899999999848e+01
1.527875720000000115e+02 2.395133869999999945e+02 3.673059299999999894e+01
-6.549444900000000302e+01 -5.391475499999999954e+01 2.310525499999999965e+02
-7.563900300000000243e+01 2.799669039999999995e+02 6.734389299999999423e+01
-1.485845219999999927e+02 2.922125080000000139e+02 -7.106499599999999361e+01
-9.377940499999999702e+01 2.746213650000000257e+02 -1.158792990000000032e+02
1.448146040000000028e+02 6.014590900000000318e+01 -3.886800000000000210e+01
2.165970099999999832e+01 -9.480136199999999747e+01 1.584674620000000118e+02
-1.692304100000000133e+01 3.433207399999999865e+01 1.223183920000000029e+02
4.254933100000000223e+01 7.152236399999999605e+01 5.797583000000000197e+01
1.342327099999999973e+01 1.303201990000000023e+02 2.060258800000000079e+01
-1.296343399999999946e+01 2.501558670000000006e+02 2.433470609999999965e+02
3.412440920000000233e+02 6.705496599999999319e+01 -1.224921140000000008e+02
-1.140595000000000026e+00 2.574598129999999969e+02 -4.789471400000000045e+01
1.909176940000000116e+02 -7.467264400000000535e+01 1.224991780000000006e+02
3.114230410000000120e+02 1.018516850000000034e+02 -6.003252400000000222e+01
-1.036126509999999996e+02 7.664896199999999737e+01 3.599830800000000153e+01
3.179286299999999983e+02 -6.368869000000000113e+00 -8.490247700000000464e+01
1.286497329999999977e+02 2.061913950000000000e+02 7.737577600000000189e+01
1.359533800000000099e+02 4.655447399999999902e+01 2.224657080000000065e+02
2.581875000000000142e+00 1.143363399999999963e+01 2.851319359999999961e+02
1.854441309999999987e+02 -8.863191999999999737e+00 2.285133840000000021e+02
-1.385938529999999957e+02 1.711140100000000075e+02 3.389728600000000114e+01
-1.863747360000000128e+02 2.226682800000000100e+02 -1.053332149999999956e+02
9.272304699999999400e+01 2.772510189999999852e+02 1.252305759999999992e+02
3.436280399999999702e+01 2.029217799999999983e+01 1.223854079999999982e+02
5.341670400000000285e+01 1.886505099999999970e+02 1.272015719999999988e+02
-5.831678800000000251e+01 6.773576699999999562e+01 1.105522310000000061e+02
2.620884990000000130e+02 -2.161692899999999895e+01 4.205014100000000354e+01
8.387247000000000341e+00 1.839878720000000101e+02 9.892743400000000520e+01
-1.297368580000000122e+02 6.471605999999999881e+01 7.908764899999999898e+01
2.215582809999999938e+02 1.507428160000000048e+02 -9.458999400000000435e+01
-1.273025299999999937e+01 9.445643499999999904e+01 5.494458999999999804e+01
2.526587999999999923e+01 8.974057899999999677e+01 -2.500678500000000071e+01
1.984863999999999962e+00 9.198809099999999717e+01 -4.848512999999999629e+00
2.673306410000000142e+02 8.549138600000000565e+01 -1.411070199999999986e+01
-1.492463559999999916e+02 2.020178479999999865e+02 1.048686610000000030e+02
4.986336399999999713e+01 9.943479899999999816e+01 6.378962599999999838e+01
-8.440231199999999490e+01 6.716774800000000312e+01 1.246361480000000057e+02
1.170899959999999993e+02 2.222162299999999959e+02 2.244353360000000066e+02
-4.536487499999999784e+01 7.804858699999999772e+01 1.882669420000000002e+02
1.229243199999999945e+02 1.086449109999999934e+02 1.486330560000000105e+02
-3.269453000000000031e+01 1.149161050000000017e+02 2.376256500000000074e+02
-6.681373000000000673e+01 2.688921209999999746e+02 6.736663099999999815e+01
6.440538399999999797e+01 3.244542899999999719e+01 3.380968899999999877e+01
-9.121338599999999985e+01 8.755978500000000508e+01 8.809160500000000127e+01
-1.654949009999999987e+02 2.724531539999999836e+02 -5.508845399999999870e+01
1.566134470000000078e+02 -5.820998600000000067e+01 6.106059199999999976e+01
4.118639900000000154e+01 -5.238281099999999668e+01 2.347024089999999887e+02
-8.563657399999999598e+01 1.015991860000000031e+02 2.031035200000000032e+02
6.323784700000000214e+01 1.200707730000000026e+02 1.149352429999999998e+02
5.981156299999999959e+01 1.566809920000000034e+02 6.118759599999999921e+01
2.736487670000000207e+02 5.934572200000000208e+01 -1.552599069999999983e+02
-4.942691700000000310e+01 2.178914599999999950e+02 1.037639170000000064e+02
-1.217302099999999996e+02 1.953702490000000012e+02 -2.380834799999999873e+01
1.275315140000000014e+02 1.226433669999999978e+02 2.221311790000000030e+02
-3.975030600000000192e+01 5.256568399999999741e+01 2.623450109999999995e+02
1.731439259999999933e+02 6.769441299999999728e+01 6.652136000000000138e+01
-1.415476620000000025e+02 1.784378539999999873e+02 1.171937729999999931e+02
6.888259200000000249e+01 4.668365099999999757e+01 1.784296610000000101e+02
2.750267200000000045e+01 8.203396299999999997e+01 2.744182809999999790e+02
-2.275549799999999934e+01 4.791700999999999766e+00 1.996799999999999964e-02
1.709729150000000004e+02 7.683909800000000700e+01 -4.045997700000000208e+01
2.015527519999999981e+02 1.283635810000000106e+02 1.285631779999999935e+02
-6.179504999999999804e+00 2.131477170000000001e+02 1.169846009999999978e+02
8.417167000000000598e+01 -2.227056800000000081e+01 1.572106899999999996e+02
5.233456999999999582e+00 2.147089999999999943e+00 1.697908309999999972e+02
3.144484090000000265e+02 1.071948280000000011e+02 -5.336704300000000245e+01
2.431023429999999905e+02 6.244029199999999946e+01 1.445598219999999969e+02
-9.255827200000000232e+01 -4.081186900000000151e+01 2.171976180000000056e+02
2.634480100000000036e+01 2.676261470000000031e+02 1.032750020000000006e+02
-1.598652170000000012e+02 2.323221979999999860e+02 -8.756916200000000572e+01
4.381290200000000112e+01 1.240612150000000042e+02 1.360506430000000080e+02
8.125792199999999355e+01 1.127441419999999965e+02 1.447016700000000071e+02
4.569789600000000007e+01 6.700868900000000394e+01 5.539760499999999865e+01
-1.145100510000000043e+02 1.584192720000000065e+02 8.941522999999999399e+01
-8.223172300000000234e+01 1.548632139999999993e+02 2.371864530000000002e+02
-5.007324799999999954e+01 2.068586699999999823e+01 1.522202179999999885e+02
-1.402622399999999914e+01 -4.271043900000000093e+01 1.259004740000000027e+02
-8.668988000000000227e+01 9.802611000000000274e+01 9.536859099999999501e+01
1.964666129999999953e+02 9.604753999999999792e+00 -6.911487200000000541e+01
3.769950399999999746e+01 1.251131380000000064e+02 6.724749400000000321e+01
-1.191176899999999961e+01 1.370938400000000001e+02 2.107689450000000022e+02
1.005667930000000041e+02 2.325721999999999845e+00 2.569477309999999761e+02
-8.648277000000000214e+01 1.735973909999999876e+02 1.591139049999999884e+02
1.851229739999999993e+02 1.483673259999999914e+02 1.517782269999999869e+02
2.649510899999999936e+01 1.134058999999999928e+00 1.907747280000000103e+02
1.135393439999999998e+02 -5.366150600000000281e+01 1.827804150000000050e+02
-1.169016000000000020e+02 1.001223199999999913e+01 2.121679719999999918e+02
-2.682659699999999958e+01 1.641799029999999959e+02 2.235876739999999927e+02
-1.279146939999999972e+02 8.245685600000000193e+01 9.766761999999999944e+01
-1.437106110000000001e+02 1.516084119999999871e+02 5.014491999999999727e+00
2.504913600000000073e+01 -4.238567999999999891e+00 1.662471009999999865e+02
1.748613999999999891e+00 1.292795319999999890e+02 2.502916909999999859e+02
3.897079500000000252e+01 2.203086729999999989e+02 1.449397580000000119e+02
-8.299013800000000174e+01 8.944841399999999965e+01 1.272008759999999938e+02
2.395805299999999960e+01 9.287167700000000536e+01 -1.667276599999999931e+01
-1.578005459999999971e+02 1.238622649999999936e+02 8.265782500000000255e+01
-1.387612399999999866e+02 1.398629720000000134e+02 1.017073089999999951e+02
2.511565530000000024e+02 1.175313430000000068e+02 1.053781689999999998e+02
1.659887830000000122e+02 4.543506099999999748e+01 -5.908638499999999993e+01
1.934917159999999967e+02 1.154081850000000031e+02 2.186438760000000059e+02
-6.445717399999999486e+01 2.525577969999999937e+02 -1.384266900000000078e+01
-1.995917800000000142e+01 1.189823370000000011e+02 -3.234981200000000001e+01
-1.061597880000000060e+02 2.257817870000000084e+02 5.634195000000000064e+00
-6.752719299999999691e+01 1.482342219999999884e+02 1.175141780000000011e+02
7.470049299999999448e+01 7.553260099999999966e+01 9.322698800000000574e+01
5.404834300000000269e+01 5.183923699999999712e+01 1.299628969999999981e+02
-1.366577680000000043e+02 2.223203990000000090e+02 2.618570400000000120e+01
-3.207745000000000068e+00 1.490652430000000095e+02 9.305861699999999814e+01
1.992155820000000119e+02 5.929812499999999886e+01 2.369245850000000075e+02
2.186267000000000138e+01 5.681026800000000065e+01 1.623581839999999943e+02
-1.161695509999999985e+02 6.598798999999999637e+00 4.097133399999999881e+01
-2.799460600000000099e+01 9.963543699999999603e+01 2.359703949999999963e+02
2.294306699999999921e+01 -6.444102399999999875e+01 1.621927269999999908e+02
-1.100086100000000044e+02 1.071941879999999969e+02 2.027002249999999890e+02
3.329995739999999955e+02 1.598052999999999946e+00 -1.166332510000000013e+02
3.108211499999999887e+02 5.404664799999999758e+01 -1.298183970000000045e+02
-3.217029000000000138e+01 3.066336140000000228e+02 7.747705700000000206e+01
9.485783700000000351e+01 1.808116339999999980e+02 2.760633400000000037e+01
-2.903868599999999844e+01 2.856958409999999731e+02 2.541871399999999994e+02
9.924099400000000060e+01 -1.948369999999999891e+01 2.272276400000000152e+01
-1.046770759999999996e+02 1.948203839999999900e+02 -6.832601300000000322e+01
1.414450439999999958e+02 6.836350199999999688e+01 1.934955499999999873e+01
6.954559100000000171e+01 1.343555220000000077e+02 6.070436300000000074e+01
6.744897199999999771e+01 6.697599999999999909e+01 3.993456199999999967e+02
-8.842664399999999603e+01 6.525919000000000025e+00 4.377166100000000171e+01
-1.192274900000000031e+02 1.024651080000000007e+02 9.744764800000000093e+01
1.644426200000000051e+02 -6.044752100000000183e+01 2.170852299999999957e+02
1.755614299999999872e+01 -3.942213199999999773e+01 2.271338110000000086e+02
-1.274049999999999905e-01 -5.485243599999999731e+01 1.435114389999999958e+02
-1.760666200000000003e+01 2.088706149999999866e+02 3.208776300000000248e+01
-9.029831500000000233e+01 1.312754669999999919e+02 9.130729399999999885e+01
1.084966790000000003e+02 1.588137199999999893e+02 9.852629999999999999e-01
7.033375200000000405e+01 1.246828689999999966e+02 4.499011600000000044e+01
-6.138692499999999797e+01 3.815909400000000318e+01 1.088318790000000007e+02
-8.769718100000000049e+01 1.061701060000000041e+02 9.724379299999999660e+01
2.502377319999999941e+02 8.939401599999999348e+01 -9.333175400000000366e+01
-4.046133700000000033e+01 1.466522410000000036e+02 1.670932850000000087e+02
-6.967356300000000147e+01 4.829539599999999666e+01 1.184672450000000055e+02
-1.190342600000000033e+02 7.832273899999999855e+01 2.498530600000000135e+01
-8.082056199999999535e+01 4.558240500000000139e+01 -5.081177900000000136e+01
-6.147728699999999691e+01 -1.275004400000000082e+01 7.279063299999999970e+01
5.352674199999999871e+01 8.022298999999999580e+01 1.128458300000000065e+02
6.992114899999999977e+01 1.234047410000000013e+02 7.296910800000000563e+01
-5.563424599999999742e+01 1.222803099999999965e+01 5.859552500000000208e+01
-8.680075899999999933e+01 7.700952100000000655e+01 2.385784539999999936e+02
2.461470309999999984e+02 7.936807500000000459e+01 -9.695677100000000337e+01
1.073163780000000003e+02 -5.860080500000000114e+01 1.784858659999999873e+02
-8.545596999999999355e+01 1.489480360000000019e+02 1.343246519999999862e+02
1.858563819999999964e+02 -7.516683399999999438e+01 1.256850189999999969e+02
-4.193377000000000265e+01 9.092945500000000436e+01 1.788189390000000003e+02
1.465358439999999973e+02 -4.765169000000000210e+00 9.617605199999999854e+01
2.897762640000000260e+02 2.650185600000000008e+01 -3.660694500000000318e+01
2.497294359999999926e+02 1.331115529999999865e+02 1.935298139999999876e+02
1.501495930000000101e+02 8.467331199999999569e+01 -1.460246500000000047e+01
-1.266250770000000045e+02 -2.411465199999999953e+01 2.995751349999999888e+02
-8.302166599999999619e+01 4.368606700000000131e+01 7.250101200000000290e+01
1.656692879999999946e+02 2.561732989999999859e+02 1.662782259999999894e+02
-3.687605500000000092e+01 2.493230749999999887e+02 2.444040299999999988e+01
7.218826199999999460e+01 5.791550900000000013e+01 1.359325650000000110e+02
-2.002393899999999860e+01 -7.047422699999999907e+01 3.065558909999999742e+02
1.865478860000000054e+02 2.821540200000000098e+01 1.792424090000000092e+02
6.794828400000000101e+01 7.199777100000000019e+01 1.370079240000000027e+02
-8.631039599999999723e+01 -2.794590799999999930e+01 1.275418030000000016e+02
3.293394250000000056e+02 6.535206900000000019e+01 8.592586999999999975e+00
1.728775399999999962e+01 1.842949050000000000e+02 -4.627731099999999742e+01
2.351665999999999812e+00 1.867179720000000032e+02 3.153302649999999971e+02
7.297103599999999801e+01 -3.965170000000000083e-01 1.868767100000000170e+01
-2.679267700000000119e+01 6.113869799999999799e+01 2.402818750000000136e+02
2.660361800000000088e+01 1.308972299999999933e+01 -4.350651599999999775e+01
-4.963355500000000120e+01 2.514897300000000158e+01 1.177939209999999974e+02
1.095730010000000050e+02 1.061090049999999962e+02 2.641866620000000125e+02
-8.447917599999999538e+01 -3.109323300000000145e+01 1.786392690000000130e+02
2.470372250000000065e+02 9.312921799999999450e+01 1.265985150000000061e+02
1.989937960000000032e+02 1.665600500000000039e+01 2.455489029999999957e+02
1.441945130000000006e+02 1.021298600000000079e+01 8.650417500000000359e+01
1.056898979999999995e+02 -4.629279400000000066e+01 1.771773080000000107e+02
-2.330521999999999849e+01 2.066700529999999958e+02 1.174569319999999948e+02
8.749704400000000248e+01 -5.851367999999999903e+00 2.258978000000000108e+01
3.175389670000000137e+02 -2.920204700000000031e+01 -4.853786000000000200e+01
-1.120492799999999960e+02 1.542287929999999960e+02 2.785580669999999941e+02
-1.344876089999999920e+02 2.478761480000000006e+02 -2.079623499999999936e+01
8.116362999999999772e+01 8.497180899999999326e+01 1.495165859999999896e+02
3.162774570000000267e+02 1.313847799999999921e+01 -5.835225599999999702e+01
1.976114990000000091e+02 7.951144100000000492e+01 2.312966959999999972e+02
1.533460860000000139e+02 -9.176385100000000250e+01 2.941025799999999890e+01
-1.561983200000000060e+01 3.034606459999999970e+02 2.216604649999999879e+02
-8.851806000000000552e+01 3.155384400000000156e+01 2.131955930000000023e+02
2.632338899999999740e+02 6.030872600000000006e+01 2.785940709999999854e+02
5.740565000000000140e+00 8.161824900000000582e+01 1.920729139999999973e+02
2.368704630000000009e+02 7.267072100000000034e+01 2.607346919999999955e+02
-7.258755999999999986e+00 6.439021900000000187e+01 3.639743270000000166e+02
1.114033579999999972e+02 6.112273799999999824e+01 2.043744939999999986e+02
-1.299710379999999930e+02 6.700878400000000568e+01 7.652834699999999657e+01
2.428920700000000110e+01 -8.158643700000000365e+01 1.469082150000000127e+02
6.971864000000000061e+00 1.215807530000000014e+02 3.272022210000000086e+02
1.493331039999999916e+02 1.494373520000000042e+02 2.768459540000000061e+02
-7.647764499999999543e+01 2.434943930000000023e+02 1.200344510000000042e+02
2.146324100000000001e+01 9.924692100000000039e+01 1.498194939999999917e+02
-3.240211200000000247e+01 1.269159360000000021e+02 2.364983450000000005e+02
2.059677000000000078e+02 2.124575040000000001e+02 2.034510329999999954e+02
-9.417135000000000389e+01 1.932139329999999973e+02 2.299926230000000089e+02
2.348920589999999891e+02 1.677203899999999948e+01 1.666751969999999972e+02
2.438027219999999886e+02 1.851833680000000015e+02 -1.086786170000000027e+02
1.002780699999999996e+02 1.640918690000000026e+02 8.839766799999999591e+01
3.126731980000000135e+02 1.201017949999999956e+02 5.408925299999999936e+01
8.984493700000000160e+01 2.046951420000000041e+02 5.279627599999999887e+01
6.992606700000000330e+01 -6.711110299999999995e+01 1.239000659999999954e+02
2.501688599999999951e+01 1.279705490000000054e+02 2.660902939999999717e+02
1.172988909999999976e+02 1.603569880000000012e+02 1.904428020000000004e+02
3.300501599999999769e+01 8.747302000000000533e+01 6.849922800000000223e+01
-8.640191599999999994e+01 1.268872719999999958e+02 6.794679999999999609e+01
-1.080386139999999955e+02 3.927532899999999927e+01 2.130509899999999845e+01
6.012870600000000110e+01 8.799217000000000510e+00 3.916811200000000071e+01
1.906785700000000006e+01 -6.725664600000000348e+01 2.716129799999999861e+01
-5.165015499999999804e+01 3.289459800000000200e+01 1.245847509999999971e+02
1.861222860000000026e+02 8.466670100000000332e+01 1.699787149999999940e+02
-7.636944400000000144e+01 1.721652699999999925e+02 2.137429900000000060e+01
2.647129739999999742e+02 7.214352499999999679e+01 2.854606329999999730e+02
8.727641800000000671e+01 1.861715099999999978e+01 2.525191969999999912e+02
1.450489899999999999e+01 1.824820660000000032e+02 1.252901059999999944e+02
-7.488934199999999919e+01 1.657149410000000103e+02 1.220562450000000041e+02
7.366237300000000232e+01 1.021221189999999979e+02 3.067583430000000249e+02
2.340252900000000125e+01 4.342545799999999900e+01 5.403454200000000185e+01
1.782380200000000059e+02 -5.369397000000000020e+01 1.240121720000000067e+02
1.121069100000000063e+01 1.783905880000000082e+02 1.735373020000000110e+02
2.569355209999999943e+02 7.372217000000000553e+01 -1.170144430000000000e+02
1.103524859999999990e+02 1.945781529999999862e+02 1.027910020000000060e+02
-7.760416800000000137e+01 7.052861099999999794e+01 7.395434400000000608e+01
4.120560799999999801e+01 4.419757999999999853e+00 1.416848770000000002e+02
-5.868465599999999682e+01 2.298085289999999929e+02 1.233469410000000011e+02
1.844595940000000098e+02 6.044342499999999774e+01 1.743742819999999938e+02
3.821132399999999762e+01 1.368062779999999918e+02 1.435256929999999898e+02
2.244714639999999974e+02 1.759998740000000055e+02 1.660500560000000121e+02
2.515263530000000003e+02 -4.219508600000000342e+01 1.123212000000000010e+01
3.099769529999999804e+02 9.930624799999999652e+01 -6.332613099999999662e+01
5.339269800000000288e+01 1.779076799999999992e+02 1.554324400000000139e+02
3.522035999999999945e+00 1.432242990000000020e+02 3.258408519999999839e+02
-4.577259800000000212e+01 8.772884399999999516e+01 6.793127300000000446e+01
9.667806400000000622e+01 1.659845889999999997e+02 2.545142380000000060e+02
-3.355532600000000087e+01 1.033126560000000040e+02 2.389576350000000105e+02
3.983613799999999827e+01 1.040917570000000012e+02 2.327871340000000089e+02
-4.359569700000000125e+01 2.517249699999999990e+01 1.663575620000000015e+02
-1.274209890000000058e+02 2.596585349999999721e+02 6.153237800000000135e+01
6.052837000000000245e+00 2.084314499999999981e+01 6.433139599999999803e+01
1.670964480000000094e+02 2.113441510000000108e+02 3.400465019999999754e+02
2.743698620000000119e+02 2.111223999999999990e+01 -3.645590399999999676e+01
-4.177124400000000293e+01 -1.584160800000000080e+01 3.073370049999999765e+02
2.914746660000000134e+02 6.632446000000000197e+01 -4.156077299999999752e+01
8.801019300000000101e+01 1.683939809999999966e+02 7.541745400000000643e+01
2.842302700000000186e+02 6.589077199999999834e+01 -1.495297830000000090e+02
-1.448221029999999985e+02 1.145532029999999963e+02 1.674213530000000105e+02
3.112171100000000123e+01 1.531490999999999936e+00 1.596733769999999879e+02
2.233374799999999993e+01 -7.959946600000000672e+01 1.606485500000000002e+02
-2.587069100000000077e+01 2.252069219999999916e+02 2.596326099999999926e+01
-1.199226819999999947e+02 7.467132599999999343e+01 7.505670800000000042e+01
1.488242590000000121e+02 1.498797130000000095e+02 7.292220000000000368e-01
2.471268469999999979e+02 -5.636626499999999851e+01 1.420467620000000011e+02
3.249719000000000335e+01 7.159436100000000636e+01 1.627713819999999885e+02
9.558543000000000234e+00 7.883128000000000668e+01 2.735798050000000217e+02
3.999110699999999952e+01 1.527049680000000080e+02 2.293892490000000066e+02
2.391007299999999987e+02 -9.729767499999999814e+01 6.790179799999999943e+01
4.443842800000000182e+01 1.244905679999999961e+02 1.368162320000000136e+02
1.698064990000000023e+02 -7.155753400000000397e+01 7.637638400000000161e+01
2.010970660000000123e+02 4.083504500000000093e+01 1.523477389999999900e+02
1.917093600000000109e+01 -3.519904100000000113e+01 2.744675540000000069e+02
-7.218147600000000352e+01 6.633230000000000359e+01 2.408084460000000036e+02
2.544590200000000095e+02 3.956736999999999949e+00 -3.589976300000000009e+01
8.435828499999999508e+01 3.822517299999999807e+01 9.592348800000000608e+01
-5.251500200000000262e+01 2.570703599999999938e+02 2.507756740000000093e+02
9.424716399999999794e+01 1.466418529999999976e+02 2.601357320000000186e+02
2.399664860000000033e+02 -6.885342799999999386e+01 -8.793711999999999307e+00
-5.296835999999999700e+01 2.915207780000000071e+02 -2.607199500000000114e+01
2.410809299999999951e+02 1.353514930000000049e+02 1.100999259999999964e+02
2.887652200000000136e+01 1.338753130000000056e+02 1.790352340000000027e+02
1.170654009999999943e+02 1.966612719999999968e+02 1.413284329999999898e+02
7.823763499999999738e+01 1.335590109999999981e+02 6.220065300000000263e+01
-1.193902630000000045e+02 2.342181530000000009e+02 6.429284900000000391e+01
-6.977168100000000095e+01 1.760169399999999840e+01 2.208534600000000125e+01
2.078939400000000148e+01 4.637284499999999809e+01 7.020884200000000419e+01
2.280003500000000116e+01 1.499157690000000116e+02 3.296808750000000146e+02
-1.695864600000000166e+01 1.315043790000000001e+02 1.072710629999999981e+02
-8.379987500000000011e+01 2.205226700000000051e+02 1.415492000000000061e+01
-1.311965930000000071e+02 7.161499499999999330e+01 7.613022200000000339e+01
-1.611974810000000105e+02 1.370702679999999987e+02 2.534121299999999977e+01
3.025677919999999972e+02 2.433662999999999954e+01 8.104717599999999322e+01
1.163909550000000053e+02 9.170945600000000297e+01 2.662429109999999923e+02
6.133814199999999772e+01 9.861232699999999340e+01 1.167317859999999996e+02
-5.027460099999999699e+01 9.857272600000000295e+01 1.383994299999999953e+02
1.491213410000000010e+02 9.058852999999999156e+00 1.503693580000000054e+02
1.616401300000000063e+01 2.141939849999999979e+02 2.639348319999999717e+02
7.719009999999999483e-01 2.397304349999999999e+02 1.742819039999999973e+02
1.833557000000000103e+00 1.576236269999999990e+02 1.934234969999999976e+02
-1.702033399999999830e+01 1.598035769999999900e+02 2.436141399999999990e+01
1.232883910000000043e+02 2.156967539999999985e+02 2.883059220000000096e+02
3.221723300000000023e+01 -8.178757500000000391e+01 1.477044549999999958e+02
1.954848529999999869e+02 2.940243099999999998e+01 2.271824900000000014e+02
-8.948408200000000079e+01 1.211847860000000026e+02 -1.253959770000000020e+02
3.163680350000000203e+02 3.785075299999999743e+01 -5.490562500000000057e+01
1.368552109999999971e+02 -1.271282439999999951e+02 1.938375340000000051e+02
1.854619619999999998e+02 2.479873670000000061e+02 1.500302269999999965e+02
-4.237478999999999729e+01 2.951969429999999761e+02 1.087393199999999993e+01
1.271025319999999965e+02 4.652995299999999901e+01 1.894574519999999893e+02
7.449260700000000668e+01 3.675849099999999936e+01 -6.502943899999999644e+01
-7.571425999999999590e+01 2.427477570000000071e+02 9.460981000000000307e+00
-1.097142989999999969e+02 8.771520000000000650e+00 1.975442100000000067e+01
3.195435100000000261e+02 1.169490229999999968e+02 1.129847129999999993e+02
1.892462370000000078e+02 1.436903240000000039e+02 1.223939029999999946e+02
-1.130816180000000060e+02 6.152775799999999862e+01 1.580597109999999930e+02
2.324655539999999974e+02 3.892390300000000281e+01 -3.787263599999999997e+01
-9.962340100000000120e+01 1.520253099999999904e+02 1.178638279999999980e+02
2.920504549999999995e+02 1.009778969999999987e+02 -1.221325420000000008e+02
-1.429568940000000055e+02 6.251841399999999993e+01 6.031812000000000040e+01
2.314149679999999876e+02 2.076449279999999931e+02 1.886337379999999939e+02
6.847595900000000313e+01 2.113814599999999899e+01 2.916643399999999886e+01
-5.072751499999999680e+01 9.859275399999999934e+01 1.378450609999999870e+02
-6.028372300000000195e+01 1.257750960000000049e+02 6.269834000000000174e+01
3.269896999999999831e+00 2.601376809999999864e+02 1.048751699999999971e+02
1.206720329999999990e+02 1.977461999999999875e+02 2.252003019999999935e+02
-1.243681899999999985e+02 2.575790230000000065e+02 6.119920199999999966e+01
-5.105332200000000142e+01 2.315751850000000047e+02 9.207272600000000295e+01
9.170431600000000572e+01 -3.062827199999999905e+01 1.627611850000000118e+02
1.758385600000000082e+01 1.295586079999999924e+02 8.042946999999999491e+01
