4.442672799999999711e+01 1.346547429999999963e+02 2.534596009999999922e+02
3.055086620000000153e+02 6.485292599999999652e+01 2.911486500000000177e+01
-1.438458779999999990e+02 1.159888789999999972e+02 7.907631299999999896e+01
-1.034710409999999996e+02 1.542278890000000047e+02 2.071750340000000108e+02
2.428920700000000110e+01 -8.158643700000000365e+01 1.469082150000000127e+02
1.629386200000000073e+01 2.098604890000000012e+02 1.306262590000000046e+02
1.339933059999999898e+02 8.057943199999999706e+01 7.488666000000000622e+01
-1.010495049999999964e+02 6.563795500000000516e+01 8.358050500000000227e+01
1.486775419999999883e+02 1.352470730000000003e+02 8.638248099999999852e+01
-1.215634629999999987e+02 5.750886500000000012e+01 1.958054950000000076e+02
-1.855290499999999909e+01 1.259481949999999983e+02 2.190033909999999935e+02
-1.926734199999999930e+01 3.502468600000000265e+01 2.610442959999999744e+02
2.415970000000000084e+01 7.236311100000000351e+01 -2.566453100000000020e+01
3.960841899999999782e+01 7.583982799999999713e+01 5.992683499999999697e+01
1.901001610000000142e+02 1.623485990000000072e+02 1.453472680000000139e+02
-7.937088199999999460e+01 1.481877059999999915e+02 5.402387199999999723e+01
-6.029886900000000338e+01 2.631915920000000142e+02 1.132950479999999942e+02
-9.527343500000000631e+01 2.770699400000000168e+01 2.493297799999999853e+01
7.867703799999999603e+01 2.236574359999999899e+02 2.159583090000000141e+02
7.450343300000000113e+01 1.440261500000000083e+01 2.929868199999999945e+01
-6.375267900000000054e+01 1.321510989999999879e+02 1.813987060000000042e+02
1.379652600000000007e+01 6.375095600000000218e+01 1.149398400000000038e+02
-2.659711000000000158e+00 -1.814634399999999914e+01 1.658545310000000086e+02
1.551454209999999989e+02 2.727519399999999905e+01 -3.198402999999999885e+00
1.216944060000000007e+02 1.032193200000000033e+01 2.938073420000000056e+02
-8.637715000000000032e+01 1.039968310000000002e+02 -4.189002999999999588e+00
-4.177124400000000293e+01 -1.584160800000000080e+01 3.073370049999999765e+02
-1.514687200000000011e+01 1.952646369999999933e+02 1.163270810000000068e+02
1.280953739999999925e+02 5.967828500000000247e+01 4.171385399999999777e+01
4.700358399999999648e+01 1.523938300000000083e+02 2.212170509999999979e+02
1.088800939999999997e+02 2.672682599999999908e+01 3.724757749999999987e+02
3.581524100000000033e+01 1.370821300000000065e+02 5.829789800000000355e+01
6.477701999999999849e+00 2.225010609999999929e+02 2.550953989999999862e+02
-1.356907950000000085e+02 2.133031670000000020e+02 -6.021594999999999587e+00
3.332674680000000080e+02 3.283363299999999896e+01 -7.056538100000000213e+01
-6.578329399999999794e+01 7.420997500000000002e+01 1.484506110000000092e+02
-2.685269800000000018e+01 8.225242199999999571e+01 -2.979475400000000107e+01
1.837822089999999946e+02 5.978501899999999836e+01 1.739667000000000030e+02
3.340582100000000310e+01 7.373486999999999902e+00 -3.200333499999999987e+01
-1.410874430000000075e+02 9.366325600000000406e+01 2.448283299999999940e+02
1.645948640000000012e+02 1.785083260000000109e+02 3.029273200000000088e+01
2.277802499999999952e+01 1.628083600000000075e+01 2.382334030000000098e+02
1.197239200000000068e+02 9.877348100000000386e+01 -1.788208500000000001e+01
-1.126062369999999930e+02 1.525436589999999910e+02 2.491916200000000003e+01
8.882116700000000264e+01 1.286769079999999974e+02 3.337471429999999941e+02
-1.508617199999999947e+01 1.472227699999999970e+02 -4.346440100000000228e+01
1.280551409999999919e+02 -4.830552800000000246e+01 2.655229870000000005e+02
-1.135769910000000067e+02 9.921870000000000411e-01 2.123414919999999881e+02
3.888261599999999873e+01 1.582991480000000024e+02 4.604333799999999854e+01
4.915553500000000042e+01 -6.934136700000000531e+01 1.749410819999999944e+02
-8.027330700000000263e+01 4.860674900000000065e+01 1.057285140000000041e+02
9.655950599999999895e+01 2.335684699999999907e+02 3.038283910000000105e+02
1.553371549999999957e+02 1.940832110000000057e+02 1.089751370000000037e+02
3.582144480000000044e+02 2.800408300000000139e+01 -1.124661090000000030e+02
1.495110310000000027e+02 4.207004299999999830e+01 5.358354599999999834e+01
7.774174000000000362e+00 1.256038609999999949e+02 1.705363879999999881e+02
1.005667930000000041e+02 2.325721999999999845e+00 2.569477309999999761e+02
1.748251099999999880e+01 8.695718300000000056e+01 2.507210300000000132e+02
3.686140679999999747e+02 1.464087800000000072e+02 1.340593800000000080e+01
2.048599849999999947e+02 1.112685170000000028e+02 1.387948639999999898e+02
4.853024299999999869e+01 1.938153810000000021e+02 3.257960400000000334e+01
5.889721200000000323e+01 1.320466120000000103e+02 7.971218299999999601e+01
3.077240889999999922e+02 9.507790900000000534e+01 -6.940354000000000667e+01
-4.963355500000000120e+01 2.514897300000000158e+01 1.177939209999999974e+02
5.257143899999999803e+01 1.786265860000000032e+02 1.251740900000000067e+02
2.123977429999999913e+02 2.314104260000000011e+02 2.016803620000000024e+02
1.059831080000000014e+02 1.241945309999999978e+02 1.386994299999999924e+01
5.151576800000000134e+01 -5.246760499999999894e+01 1.607060930000000099e+02
4.930634599999999779e+01 1.012142280000000056e+02 -1.611170200000000108e+01
4.899798499999999990e+01 6.292605100000000107e+01 5.319567500000000138e+01
-7.083970499999999504e+01 3.485685800000000256e+01 8.411633899999999642e+01
5.339269800000000288e+01 1.779076799999999992e+02 1.554324400000000139e+02
1.571547820000000115e+02 6.842482400000000098e+01 4.927984000000000364e+00
2.024176199999999994e+02 1.829518399999999900e+01 1.534056999999999960e+02
3.191231890000000249e+02 1.133029530000000022e+02 -4.352532200000000273e+01
1.217614460000000065e+02 8.655275399999999308e+01 2.968103599999999886e+01
4.847223400000000026e+01 3.718211000000000155e+01 1.330618509999999901e+02
7.544441799999999887e+01 1.018233270000000061e+02 4.134047969999999737e+02
3.376846699999999828e+02 9.579458900000000199e+01 7.139164599999999439e+01
-1.371143580000000100e+02 2.311721180000000118e+02 3.655247399999999658e+01
1.695799389999999960e+02 7.263002000000000180e+01 -4.010055799999999948e+01
1.409454739999999902e+02 1.985694699999999955e+02 3.721261400000000208e+01
1.009883140000000026e+02 1.180263389999999930e+02 2.603064650000000029e+02
6.668579699999999377e+01 4.613521899999999931e+01 1.857006790000000080e+02
1.009120159999999942e+02 1.644873299999999858e+02 8.798175600000000429e+01
2.438571849999999870e+02 1.039521199999999936e+02 2.511380660000000091e+02
-1.075080609999999979e+02 1.316100030000000061e+02 2.486262899999999831e+01
3.354023209999999722e+02 1.035811400000000049e+02 7.941078000000000259e+01
3.095545710000000099e+02 1.232004189999999966e+02 1.131414200000000037e+01
-7.696755600000000186e+01 2.179180729999999926e+02 1.670576340000000073e+02
-1.036641609999999929e+02 2.774826000000000015e+00 2.080699209999999937e+02
-1.078971260000000001e+02 6.678002899999999897e+01 2.857667159999999740e+02
-7.026314999999999600e+01 7.781907200000000557e+01 1.982079999999999984e+02
-8.715510999999999342e+01 4.638880699999999990e+01 1.113015359999999987e+02
1.663220110000000034e+02 -4.632682100000000247e+01 1.755651500000000098e+01
2.088203750000000127e+02 1.203629580000000061e+02 1.002259449999999958e+02
-1.115718379999999996e+02 2.098971229999999935e+02 1.346744400000000041e+02
-1.465217379999999991e+02 1.154790500000000009e+02 -8.981905199999999923e+01
2.614529989999999771e+02 -3.202124700000000246e+01 -7.258487300000000175e+01
1.103524859999999990e+02 1.945781529999999862e+02 1.027910020000000060e+02
