-7.083970499999999504e+01 3.485685800000000256e+01 8.411633899999999642e+01
5.061317100000000124e+01 1.800666209999999978e+02 2.031521520000000010e+02
-1.242081869999999952e+02 1.793558569999999861e+02 2.698999390000000176e+02
7.532798300000000324e+01 -1.719916999999999874e+01 2.265799790000000087e+02
-1.036126509999999996e+02 7.664896199999999737e+01 3.599830800000000153e+01
-7.336155800000000227e+01 1.762931790000000092e+02 1.404079110000000128e+02
4.709895900000000069e+01 2.245209099999999864e+02 2.419546990000000051e+02
1.781154499999999885e+01 2.692253399999999885e+01 4.923170400000000058e+01
-2.573850900000000053e+01 5.946540399999999948e+01 -3.816694100000000134e+01
-6.908179300000000467e+01 7.246408700000000636e+01 1.794843099999999936e+02
-4.393945999999999685e+01 1.556856840000000091e+02 -4.023706599999999867e+01
1.921786630000000002e+02 1.351356509999999957e+02 1.573608780000000138e+02
3.172048189999999863e+02 3.790330999999999761e+01 -1.319155340000000081e+02
7.644020000000000259e+00 -9.513770000000000282e-01 4.121173199999999781e+01
4.915553500000000042e+01 -6.934136700000000531e+01 1.749410819999999944e+02
1.041552539999999993e+02 1.597903660000000059e+02 1.347865700000000118e+02
1.822224009999999907e+02 4.763575600000000065e+01 3.528951470000000086e+02
2.277426940000000002e+02 7.374549199999999871e+01 1.660187410000000057e+02
2.301270409999999913e+02 1.844848929999999996e+02 2.545462630000000104e+02
3.068315309999999840e+02 1.762713919999999916e+02 4.420233999999999774e+00
7.607599299999999687e+01 1.296705230000000029e+02 1.991991020000000105e+02
5.435968100000000192e+01 5.429184300000000007e+01 4.801751600000000053e+01
8.100155000000000882e+00 -9.728167399999999532e+01 1.639489529999999888e+02
1.846281000000000105e+01 3.249892200000000031e+01 1.622245130000000017e+02
8.495892100000000369e+01 9.732934400000000608e+01 5.918224599999999924e+01
1.111537299999999995e+01 1.388197260000000028e+02 6.103493600000000185e+01
-7.634610800000000097e+01 7.560394700000000512e+01 6.519516600000000039e+01
1.511314979999999935e+02 1.848299570000000074e+02 -9.589477000000000473e+00
-6.923877400000000648e+01 9.031883799999999951e+01 1.181251979999999975e+02
-2.625515599999999949e+01 1.343496879999999862e+02 7.041321899999999800e+01
3.451564299999999719e+01 -1.805432599999999965e+01 1.664040549999999996e+02
1.208995200000000025e+01 2.499755649999999889e+02 1.472637249999999938e+02
1.278250570000000010e+02 6.260783899999999846e+01 3.629597299999999649e+01
2.128692420000000141e+02 1.413077879999999880e+02 7.052616799999999841e+01
-1.596688999999999936e+01 1.814988100000000060e+01 -5.713383000000000322e+00
-6.178831399999999974e+01 4.367526600000000059e+01 1.652110599999999963e+01
-6.387813599999999781e+01 3.099021400000000170e+01 6.260300500000000312e+01
2.340252900000000125e+01 4.342545799999999900e+01 5.403454200000000185e+01
1.207387600000000027e+01 4.875850499999999954e+01 1.740832910000000027e+02
1.278827299999999951e+02 1.436612360000000024e+02 1.367330519999999865e+02
5.772874999999999979e+00 1.749086719999999957e+02 2.808601120000000151e+02
7.943064900000000250e+01 -1.857110199999999978e+01 -5.122284299999999746e+01
-1.591932309999999973e+02 1.478973239999999976e+02 8.042339800000000594e+01
-4.704524899999999832e+01 2.164909739999999942e+02 -7.212602200000000607e+01
-4.577259800000000212e+01 8.772884399999999516e+01 6.793127300000000446e+01
-4.355094000000000243e+00 2.141719600000000128e+02 3.143634050000000002e+02
1.394248460000000023e+02 2.096425680000000114e+02 3.695210099999999898e+01
3.962364600000000081e+01 9.457876000000000261e+01 8.082776099999999531e+01
3.779151099999999985e+01 1.427606780000000128e+02 1.473124379999999860e+02
-1.323425509999999861e+02 5.922684600000000188e+01 4.598504599999999698e+01
