-1.019485039999999998e+02 1.904667699999999897e+01 2.081431770000000085e+02
1.893389860000000056e+02 1.102912359999999978e+02 1.646099470000000053e+02
1.084108200000000011e+02 -7.916228599999999460e+01 1.368085949999999968e+02
-9.225902299999999912e+01 2.181913969999999949e+02 9.647902999999999452e+00
3.399776780000000258e+02 1.366602629999999863e+02 -1.066489000000000020e+00
6.391986099999999738e+01 2.441051429999999982e+02 1.636154569999999921e+02
1.594130769999999870e+02 6.853642999999999574e+01 4.147113000000000049e+00
-7.094689200000000540e+01 5.915743700000000160e+01 1.788160929999999951e+02
-7.598496199999999590e+01 9.717194600000000548e+01 5.504842200000000219e+01
-9.186870899999999551e+01 -9.529671000000000447e+00 2.706410609999999792e+02
7.546757499999999652e+01 1.262487119999999976e+02 1.086215590000000049e+02
1.499501459999999895e+02 1.887980980000000102e+02 1.091552339999999930e+02
3.703441399999999817e+01 -2.688213800000000120e+01 9.407238900000000115e+01
5.267895599999999945e+01 1.657688960000000122e+02 1.261552810000000022e+02
3.325731220000000121e+02 1.479488080000000139e+02 -5.458167999999999687e+00
4.174081100000000077e+01 -7.283647000000000205e+00 1.634767889999999966e+02
-2.182255699999999976e+01 1.785774040000000014e+02 1.138317980000000063e+02
-1.508617199999999947e+01 1.472227699999999970e+02 -4.346440100000000228e+01
-1.348671040000000119e+02 6.579657199999999762e+01 4.439164800000000355e+01
-1.109869730000000061e+02 7.894868999999999915e+01 2.835788919999999962e+02
-7.840225900000000081e+01 1.383583720000000028e+02 1.766697379999999953e+02
-2.049126430000000028e+02 2.046881390000000067e+02 -2.442813200000000151e+01
1.809612899999999911e+02 5.966823800000000233e+01 5.547691900000000231e+01
9.087952799999999343e+01 2.696002589999999941e+02 2.879472860000000196e+02
1.822010589999999866e+02 5.609832300000000060e+01 2.035904769999999928e+02
1.552680800000000083e+01 -1.170811999999999964e+00 1.505877059999999972e+02
8.984493700000000160e+01 2.046951420000000041e+02 5.279627599999999887e+01
2.265039089999999931e+02 6.203241299999999825e+01 1.672114029999999900e+02
1.591974730000000022e+02 2.011312029999999993e+02 1.444333190000000116e+02
3.883698499999999854e+01 1.656979340000000036e+02 2.288061490000000049e+02
8.120107699999999795e+01 4.744189999999999685e+01 3.683216199999999674e+01
-1.535331309999999974e+02 2.220246779999999944e+02 9.788076399999999921e+01
2.398955510000000118e+02 8.998870200000000352e+01 2.489464720000000000e+02
-9.597872300000000223e+01 7.694449999999999790e+00 4.148114600000000252e+01
-8.631376000000000204e+01 4.511353299999999678e+01 1.127176879999999954e+02
1.704355960000000039e+02 -5.389757900000000035e+01 6.963803000000000054e+01
7.601115299999999309e+01 8.835731400000000235e+01 1.258195730000000054e+02
-7.280031000000000141e+00 6.167004500000000178e+01 1.500616990000000044e+02
-5.142649999999999721e+00 2.145052880000000073e+02 2.007373330000000067e+02
2.411548510000000078e+02 -5.375223700000000093e+01 1.435910550000000114e+02
1.374953600000000087e+01 1.697536949999999933e+02 2.031969699999999932e+02
1.718891729999999995e+02 -3.812749900000000025e+01 6.332686499999999796e+01
7.823922999999999739e+00 1.839939430000000016e+02 9.893659499999999696e+01
2.314149679999999876e+02 2.076449279999999931e+02 1.886337379999999939e+02
2.649832759999999894e+02 -3.942354199999999764e+01 -3.643710899999999953e+01
9.987309799999999882e+01 -9.267834700000000225e+01 1.605423319999999876e+02
8.065375500000000386e+01 -5.370168400000000020e+01 1.378816520000000025e+02
-9.850052999999999770e+01 -5.826619500000000329e+01 3.498417610000000195e+02
2.387479960000000005e+02 1.225387419999999992e+02 7.260451600000000383e+01
2.024300090000000125e+02 9.712582299999999691e+01 1.425239819999999895e+02
1.935623339999999928e+02 -3.776805000000000234e+01 -2.796394400000000147e+01
1.465358439999999973e+02 -4.765169000000000210e+00 9.617605199999999854e+01
-3.741304999999999836e+01 1.183617050000000006e+02 1.940732370000000060e+02
-2.275549799999999934e+01 4.791700999999999766e+00 1.996799999999999964e-02
-5.182230999999999810e+00 1.905535999999999888e+02 1.839838379999999916e+02
-1.198800310000000025e+02 1.086801619999999957e+02 1.533757469999999898e+02
6.696738700000000222e+01 -3.370143000000000111e+00 1.301766839999999945e+02
1.321662310000000105e+02 1.520584949999999935e+02 1.303657530000000122e+02
2.366885100000000079e+02 9.005915400000000659e+01 7.933934899999999857e+01
1.839850319999999897e+02 -1.960012599999999949e+01 1.606197380000000123e+02
1.479604610000000093e+02 6.605406899999999837e+01 9.582883000000000706e+00
-1.067603249999999946e+02 1.461878309999999885e+02 2.233204699999999931e+01
3.436609399999999681e+01 3.548778200000000282e+01 1.561617369999999880e+02
7.342613599999999963e+01 1.463727020000000039e+02 4.480562400000000167e+01
1.325739320000000134e+02 1.022089440000000025e+02 2.172066749999999900e+02
1.656692879999999946e+02 2.561732989999999859e+02 1.662782259999999894e+02
3.426039700000000039e+02 -7.801534000000000191e+00 -1.723839159999999993e+02
6.264738400000000240e+01 1.218979649999999992e+02 6.989242699999999786e+01
-1.364404859999999928e+02 9.078697999999999979e+01 3.625263949999999795e+02
2.410207650000000115e+02 -6.047191999999999901e+00 7.611535299999999893e+01
-1.211140330000000063e+02 2.474973119999999938e+02 7.660100199999999404e+01
6.627946799999999428e+01 1.632959599999999867e+01 4.001221019999999839e+02
3.343052500000000293e+01 9.987077999999999633e+01 -1.856691800000000114e+01
4.078047099999999858e+01 1.099432079999999985e+02 -1.217306999999999917e+01
-9.962340100000000120e+01 1.520253099999999904e+02 1.178638279999999980e+02
-6.752049300000000187e+01 2.617372599999999920e+02 9.945771399999999574e+01
7.236447699999999372e+01 -5.596177800000000246e+01 2.271764320000000055e+02
-1.032336549999999988e+02 8.623962699999999870e+01 1.112849240000000037e+02
2.189736100000000008e+01 6.814777700000000493e+01 1.621167660000000126e+02
6.337424200000000241e+01 2.233219530000000077e+02 5.634343400000000202e+01
-2.350161500000000103e+01 1.501793460000000096e+02 1.728606020000000001e+02
2.157939120000000059e+02 1.409448720000000037e+02 2.796601790000000278e+02
3.209080210000000193e+02 1.170496090000000038e+02 -4.235123200000000310e+01
2.309852710000000116e+02 6.198000000000000398e+00 1.717414410000000089e+02
3.179286299999999983e+02 -6.368869000000000113e+00 -8.490247700000000464e+01
-1.608624279999999942e+02 9.755682799999999588e+01 6.385344200000000114e+01
-1.156471070000000054e+02 2.243599299999999985e+01 1.955124529999999936e+02
-1.055683850000000064e+02 7.068083599999999933e+01 8.548895500000000425e+01
2.848251900000000205e+02 1.156006670000000014e+02 -1.196967800000000040e+02
2.511565530000000024e+02 1.175313430000000068e+02 1.053781689999999998e+02
4.254933100000000223e+01 7.152236399999999605e+01 5.797583000000000197e+01
-2.861176100000000133e+01 -2.302661799999999914e+01 1.372998709999999960e+02
2.891382249999999772e+02 1.030856990000000053e+02 -1.171638530000000031e+02
2.415970000000000084e+01 7.236311100000000351e+01 -2.566453100000000020e+01
-6.284252999999999645e+00 7.092817700000000514e+01 1.494916409999999871e+02
2.750267200000000045e+01 8.203396299999999997e+01 2.744182809999999790e+02
-1.388495200000000018e+01 1.609799879999999916e+02 9.875173399999999901e+01
4.046203500000000020e+01 2.617653299999999916e+01 2.636288579999999797e+02
8.889877400000000307e+01 -9.018434200000000089e+01 2.083230729999999937e+02
8.172482499999999561e+01 1.133805150000000026e+02 1.446387279999999862e+02
-2.748476900000000001e+01 1.152843639999999965e+02 7.455071700000000590e+01
2.298750249999999937e+02 1.524908330000000092e+02 1.151798409999999961e+02
4.719064800000000304e+01 1.202906739999999957e+02 -6.570056000000000118e+00
-1.915188799999999958e+02 2.378550639999999987e+02 -1.557055999999999996e+00
1.488242590000000121e+02 1.498797130000000095e+02 7.292220000000000368e-01
3.422498120000000199e+02 1.016083800000000004e+01 -1.136423819999999978e+02
-1.069357399999999956e+02 1.025434359999999998e+02 2.726021789999999783e+02
3.796230180000000018e+02 1.290556499999999929e+01 -1.091808000000000050e+02
8.314251299999999389e+01 1.236166609999999935e+02 1.362498219999999947e+02
1.527875720000000115e+02 2.395133869999999945e+02 3.673059299999999894e+01
2.670346979999999917e+02 -3.288079100000000210e+01 -3.163116899999999987e+01
-8.447917599999999538e+01 -3.109323300000000145e+01 1.786392690000000130e+02
9.425585399999999936e+01 1.053859609999999947e+02 3.814093000000000178e+00
2.010760980000000018e+02 -4.547072399999999703e+01 2.483028879999999958e+02
3.062850800000000007e+01 1.703597540000000095e+02 -7.940590000000000259e+00
1.063480330000000009e+02 1.339773030000000063e+02 9.043495900000000631e+01
1.353442300000000103e+02 2.042335799999999892e+02 2.016547500000000070e+01
1.689082400000000064e+02 2.080112650000000087e+02 1.115216060000000056e+02
2.022459010000000035e+02 2.168273079999999879e+02 1.546557650000000024e+02
3.280198209999999790e+02 -7.779778000000000304e+00 4.537617000000000012e+00
5.761215800000000087e+01 2.175262600000000077e+02 2.514829699999999946e+01
2.390614419999999996e+02 6.326640499999999889e+01 -1.040528589999999980e+02
3.114230410000000120e+02 1.018516850000000034e+02 -6.003252400000000222e+01
2.641063280000000191e+02 1.347481410000000039e+02 -8.036585599999999374e+01
2.530412919999999986e+02 1.179636239999999958e+02 2.662575400000000059e+02
-6.432045599999999297e+01 7.443618299999999977e+01 1.485648830000000089e+02
1.042763099999999987e+01 1.053885080000000016e+02 8.584558800000000645e+01
-1.181629410000000036e+02 1.439229300000000045e+01 4.205093099999999851e+01
-1.862594100000000097e+01 1.605493380000000059e+02 1.802377659999999935e+02
2.137354210000000023e+02 1.494053849999999954e+02 8.839017099999999516e+01
-2.770033000000000101e+01 2.818906499999999937e+01 9.923363000000000156e+00
3.362214500000000044e+02 1.280385870000000068e+02 8.655799100000000124e+01
6.529166700000000390e+01 3.780324699999999893e+01 1.840069379999999910e+02
-1.366475939999999980e+02 1.550710180000000094e+02 3.126294199999999890e+01
-1.173522760000000034e+02 1.810734199999999916e+01 2.597787100000000038e+01
6.262599099999999908e+01 5.679528799999999933e+01 2.453221890000000087e+02
3.779151099999999985e+01 1.427606780000000128e+02 1.473124379999999860e+02
-8.722416300000000433e+01 6.883893999999999735e+00 -4.552735899999999702e+01
7.076509299999999314e+01 1.524542590000000075e+02 -2.368501900000000049e+01
-2.587069100000000077e+01 2.252069219999999916e+02 2.596326099999999926e+01
-9.966586900000000071e+01 1.933588310000000092e+02 7.184052300000000457e+01
3.171681820000000016e+02 7.482304399999999589e+01 -1.191457960000000043e+02
1.078372940000000000e+02 1.590318819999999960e+02 6.017109999999999959e-01
1.353084829999999954e+02 2.296237100000000098e+01 -8.075252899999999556e+01
-1.448221029999999985e+02 1.145532029999999963e+02 1.674213530000000105e+02
-4.779495200000000210e+01 2.206612810000000025e+02 1.227067519999999945e+02
6.714294200000000501e+01 2.493413500000000127e+01 7.872336199999999451e+01
7.789797299999999325e+01 2.171338680000000068e+02 5.099347300000000160e+01
-5.023727499999999679e+01 7.360124299999999664e+01 -3.668793000000000148e+01
3.809714399999999728e+02 6.857136800000000676e+01 -1.031191280000000035e+02
1.947814789999999903e+02 2.102247209999999882e+02 1.434009929999999997e+02
-4.577259800000000212e+01 8.772884399999999516e+01 6.793127300000000446e+01
3.115224699999999913e+01 2.247930289999999900e+02 2.223252249999999890e+02
8.072717099999999846e+01 2.052130299999999963e+01 -1.385111599999999932e+01
1.685552279999999996e+02 1.718772580000000119e+02 1.815454149999999913e+02
2.576935970000000111e+02 1.236250840000000011e+02 5.660665600000000097e+01
4.505367999999999817e+00 5.282441000000000031e+01 7.820581199999999455e+01
8.848211700000000235e+01 1.051898680000000041e+02 -7.569105999999999668e+00
1.558669639999999958e+02 1.648473970000000008e+02 2.268773649999999975e+02
1.392224840000000086e+02 6.631541799999999398e+01 6.502849799999999902e+01
1.921094009999999912e+02 2.312303599999999904e+01 -1.064137000000000057e+02
1.290952680000000043e+02 -7.909786900000000287e+01 1.860808900000000108e+02
1.120376800000000017e+01 1.387015480000000025e+02 6.056567299999999676e+01
5.194979000000000013e+00 1.561796740000000057e+02 5.303845499999999902e+01
3.149160799999999938e+01 1.876876200000000097e+02 2.284335289999999929e+02
1.310765499999999939e+01 1.011016010000000023e+02 1.694464680000000101e+02
7.621357000000000426e+01 6.832402000000000442e+01 1.389505640000000142e+02
1.793298460000000034e+02 3.954626999999999892e+00 5.501778000000000191e+01
3.280933180000000107e+02 1.428135880000000100e+02 -8.934522099999999512e+01
4.413505599999999873e+01 5.101338799999999907e+01 2.969166319999999928e+02
-8.884437400000000196e+01 2.327071249999999907e+02 -7.608465900000000204e+01
2.830387430000000109e+02 1.279082520000000045e+02 -9.043951800000000674e+01
8.302716399999999908e+01 1.581931820000000073e+02 4.389171199999999828e+01
2.953476200000000063e+01 2.374514450000000068e+02 1.256442310000000049e+02
3.503131199999999978e+01 1.779209300000000127e+01 1.543356039999999894e+02
3.134022699999999872e+01 9.119508500000000595e+01 7.134882199999999841e+01
9.474249500000000523e+01 1.806048959999999965e+02 2.753818499999999858e+01
-1.057944839999999971e+02 8.310919800000000635e+01 2.815650410000000079e+02
1.272655999999999921e+01 9.717047200000000373e+01 1.500234039999999993e+02
2.467028200000000027e+01 9.255044999999999789e+01 -1.611240000000000094e+01
-8.004267299999999352e+01 4.456601200000000063e+01 1.183961720000000071e+02
-7.011764900000000011e+01 9.948572299999999302e+01 1.467189260000000104e+02
1.035872820000000019e+02 2.995123829999999998e+02 1.837888419999999883e+02
-1.056458089999999999e+02 4.885357299999999725e+01 1.750669489999999939e+02
7.934361400000000231e+01 1.314660440000000108e+02 9.771044000000000551e+01
-6.630175099999999588e+01 1.556111300000000064e+01 3.077057940000000258e+02
4.331875099999999890e+01 -4.125553000000000026e+00 2.365876949999999965e+02
-1.691552480000000003e+02 1.439481299999999919e+02 3.754887000000000086e+00
2.125532400000000166e+01 6.213038099999999986e+01 2.691166749999999865e+02
1.846281000000000105e+01 3.249892200000000031e+01 1.622245130000000017e+02
7.218826199999999460e+01 5.791550900000000013e+01 1.359325650000000110e+02
3.325601700000000278e+02 9.227729899999999930e+01 7.670756099999999833e+01
9.963545100000000332e+01 1.948958010000000058e+02 2.386155779999999993e+02
3.702511589999999728e+02 1.320797680000000014e+02 -1.541474000000000011e+01
7.527243799999999396e+01 4.316058999999999912e+01 1.359760699999999929e+02
4.049236700000000155e+01 3.900502999999999787e+01 2.662849969999999757e+02
3.236555779999999913e+02 -1.108230700000000013e+01 -5.712073699999999832e+01
2.952848829999999793e+02 3.491846199999999811e+01 -3.092056699999999836e+01
6.792208499999999560e+01 1.217189690000000013e+02 1.981874119999999948e+02
3.398101090000000113e+02 4.255823699999999832e+01 -1.348347990000000038e+02
2.654840599999999995e+01 1.258561399999999963e+02 2.878790179999999737e+02
2.463109300000000133e+02 4.042150099999999924e+01 8.056389099999999814e+01
5.897523100000000085e+01 5.677664099999999792e+01 -7.036948300000000245e+01
-1.081271799999999956e+02 2.153465290000000039e+02 -6.941023500000000013e+01
-9.107719899999999313e+01 8.727173200000000008e+01 8.904843999999999937e+01
1.608600840000000005e+02 4.211156299999999675e+01 1.958815319999999929e+02
9.435331499999999494e+01 2.472444739999999967e+02 2.978091689999999971e+02
1.672161619999999971e+02 5.925366000000000355e+00 -9.270918299999999590e+01
1.066750499999999988e+02 4.220599700000000354e+01 -2.077790699999999902e+01
9.692479000000000156e+01 -4.809366899999999845e+01 2.479562999999999917e+01
2.944183699999999959e+01 1.141579100000000011e+02 -8.397016999999999953e+00
-7.662118399999999951e+01 1.539193710000000124e+02 3.005953299999999828e+01
5.384698900000000066e+01 1.609983799999999974e+02 9.990650200000000325e+01
1.328155199999999923e+02 6.759439600000000326e+01 2.818188400000000016e+01
1.698064990000000023e+02 -7.155753400000000397e+01 7.637638400000000161e+01
3.581524100000000033e+01 1.370821300000000065e+02 5.829789800000000355e+01
8.874565200000000686e+01 2.058323680000000024e+02 3.941702220000000239e+02
1.142928900000000070e+01 1.606974710000000073e+02 9.247384300000000223e+01
1.890211689999999862e+02 7.091151399999999683e+01 3.600753070000000093e+02
2.753851990000000001e+02 -4.503031200000000212e+01 -2.857861400000000174e+01
-1.260655009999999976e+02 1.419354140000000086e+02 6.123001000000000005e+01
2.233374799999999993e+01 -7.959946600000000672e+01 1.606485500000000002e+02
1.294620879999999943e+02 2.302683199999999886e+01 1.193897259999999960e+02
5.203305900000000150e+01 1.774630879999999991e+02 1.555816440000000114e+02
1.045707050000000038e+02 9.134027500000000543e+01 2.503348259999999925e+02
7.656222699999999293e+01 1.690329639999999927e+02 4.564274900000000201e+01
7.113220300000000407e+01 9.157707700000000273e+01 1.321463180000000079e+02
-1.623758700000000132e+01 1.391220830000000035e+02 2.130676229999999975e+02
-7.620200400000000229e+01 6.754258600000000001e+01 6.580771599999999921e+01
-1.022894019999999955e+02 2.645787930000000188e+02 2.647709800000000158e+01
5.420788000000000295e+01 1.495486290000000054e+02 1.307214850000000013e+02
-4.994498999999999711e+01 2.135715859999999964e+02 -1.071738200000000063e+01
6.394062600000000174e+01 -9.366429999999999367e+00 3.992120620000000031e+02
2.398681540000000041e+02 9.206491499999999917e+01 1.590058999999999934e+01
-7.591644900000000007e+01 1.168080429999999978e+02 4.688074699999999950e+01
1.187946740000000005e+02 1.723874840000000006e+02 5.848103000000000051e+00
-6.622836700000000576e+01 2.433843469999999911e+02 6.969217899999999588e+01
9.179754099999999539e+01 8.613790500000000350e+01 1.944482720000000029e+02
2.432838979999999935e+02 1.133342939999999999e+02 1.132534919999999943e+02
-8.185342599999999891e+01 6.174173999999999829e+00 4.983001900000000006e+01
-9.991656299999999646e+01 1.594893659999999898e+02 2.477647430000000099e+02
2.997475620000000163e+02 -1.743667800000000057e+01 -3.997519799999999890e+01
1.246642920000000032e+02 1.641964600000000019e+02 2.250475240000000099e+02
1.866948339999999860e+02 -7.940145099999999445e+01 2.028729199999999935e+02
-9.527343500000000631e+01 2.770699400000000168e+01 2.493297799999999853e+01
6.267461200000000332e+01 7.010334799999999689e+01 1.333696970000000022e+02
1.587077229999999872e+02 2.001883379999999875e+02 1.441869560000000092e+02
2.968478400000000050e+01 5.260002899999999926e+01 1.895432309999999916e+02
-1.851245199999999969e+01 1.874090539999999976e+02 2.260135830000000112e+02
-2.036976399999999998e+01 2.637224160000000097e+02 -6.682371399999999539e+01
2.894153599999999926e+01 -6.839883199999999874e+01 1.460166549999999859e+02
-7.760416800000000137e+01 7.052861099999999794e+01 7.395434400000000608e+01
2.990448509999999942e+02 4.195389899999999983e+01 2.668410099999999829e+01
-3.383738300000000265e+01 2.706332059999999728e+02 3.260126240000000166e+02
8.221590600000000393e+01 1.191033489999999944e+02 1.406401260000000093e+02
1.497757299999999958e+01 2.735114409999999907e+02 1.128624470000000031e+02
4.899798499999999990e+01 6.292605100000000107e+01 5.319567500000000138e+01
-5.049386799999999909e+01 1.950367039999999861e+02 -5.994941099999999778e+01
1.776914380000000051e+02 9.780624199999999746e+01 1.729236089999999990e+02
2.420084980000000030e+02 9.705244000000000426e+00 7.857610499999999831e+01
1.422627589999999884e+02 -5.302781000000000233e+01 1.274273809999999969e+02
-1.565548599999999908e+02 2.484641589999999951e+02 -8.853885999999999967e+01
1.437585019999999929e+02 6.683344400000000007e+01 1.382170699999999997e+01
8.065572799999999631e+01 1.069022379999999970e+02 1.299017519999999877e+02
-7.078111800000000642e+01 1.030481790000000046e+02 1.649473749999999939e+02
-4.197915499999999867e+01 2.316183179999999879e+02 2.000454340000000002e+02
3.063507700000000114e+02 1.839366469999999936e+02 6.573751999999999818e+00
9.386607399999999757e+01 9.594418600000000197e+01 2.030528909999999883e+02
9.782318399999999770e+01 1.668478540000000123e+02 2.541378239999999948e+02
-1.671456600000000137e+01 1.875090749999999957e+02 2.195859480000000019e+02
3.402483690000000252e+02 1.392540180000000021e+02 -1.986335100000000153e+01
7.920493500000000608e+01 1.338301260000000070e+02 1.031196680000000043e+02
7.363388199999999983e+01 2.551201399999999921e+02 2.402290930000000060e+02
2.839601430000000164e+02 1.683595899999999972e+02 -1.138834130000000044e+02
-1.586208619999999883e+02 6.669418799999999692e+01 5.412919699999999779e+01
1.047797369999999972e+02 1.792857030000000123e+02 9.555735599999999863e+01
-8.367077799999999854e+01 3.953049800000000147e+01 9.348416199999999776e+01
-1.594705030000000079e+02 1.888772759999999948e+02 -4.857367800000000102e+01
-9.015629900000000418e+01 2.922620999999999913e+00 4.387277499999999719e+01
1.654522870000000125e+02 1.095132540000000034e+02 1.566453649999999982e+02
-5.357805700000000115e+01 1.788863029999999981e+02 3.490742900000000191e+02
1.793677100000000024e+01 1.376937259999999981e+02 1.903557580000000087e+02
8.126888300000000243e+01 1.767790320000000008e+02 3.995160470000000146e+02
-6.147107599999999650e+01 2.359828129999999931e+02 1.265720989999999944e+02
-1.187361970000000042e+02 1.527354139999999916e+02 1.143805579999999935e+02
-6.811016999999999655e+01 2.705455650000000105e+02 -7.191010900000000561e+01
2.975494780000000219e+02 1.131931229999999999e+02 -2.711005799999999866e+01
5.615979000000000276e+00 -4.592478499999999997e+01 1.360103959999999859e+02
-5.657831699999999842e+01 2.901898600000000172e+01 -6.797579999999999734e-01
8.430057999999999652e+01 1.368781630000000007e+02 1.188967710000000011e+02
1.394256670000000042e+02 8.333429999999999893e+01 1.215730729999999937e+02
-1.468866089999999929e+02 1.751353119999999990e+02 -5.118823299999999676e+01
7.983620100000000264e+01 -4.309916799999999881e+01 1.511014470000000074e+02
8.783589499999999362e+01 1.122045209999999997e+02 2.707508139999999912e+02
-1.228711119999999966e+02 1.840316779999999994e+02 1.055735200000000020e+02
2.120217039999999997e+02 5.492719300000000260e+01 -5.591132400000000047e+01
-6.029886900000000338e+01 2.631915920000000142e+02 1.132950479999999942e+02
6.670701200000000597e+01 2.221437689999999918e+02 3.046083729999999719e+02
3.056083179999999970e+02 -4.441260000000000208e-01 -4.575035700000000105e+01
2.982425100000000029e+01 2.105930659999999932e+02 8.866549899999999695e+01
2.570352700000000254e+02 8.757545399999999347e+01 1.954545750000000055e+02
2.321614900000000148e+01 1.543934059999999988e+02 1.852020620000000122e+02
-1.118693930000000023e+02 7.178632500000000505e+01 8.047589899999999830e+01
1.875772900000000121e+01 1.272367409999999950e+02 1.855650669999999991e+02
2.184994800000000126e+01 7.860929600000000050e+01 1.636414289999999880e+02
2.015619690000000048e+02 8.086134199999999339e+01 1.469986399999999946e+02
2.207844499999999854e+01 8.955198199999999531e+01 1.662264380000000017e+02
1.080225399999999958e+01 1.568149359999999888e+02 2.849763469999999757e+02
-1.072108199999999982e+02 1.270047689999999960e+02 2.814527939999999830e+02
5.029804999999999637e+00 1.561144439999999918e+02 5.288098899999999958e+01
-1.214276660000000021e+02 1.142050440000000009e+02 1.056562370000000044e+02
1.694990540000000010e+02 1.599843000000000082e+01 1.491100500000000011e+02
1.978889350000000036e+02 4.100960800000000006e+01 1.907627339999999947e+02
2.264372600000000091e+02 2.124840100000000120e+02 5.641583599999999876e+01
1.252393780000000021e+02 1.357300439999999924e+02 1.416268629999999860e+02
-1.081843769999999978e+02 2.590876380000000268e+02 -1.115632549999999981e+02
1.651802179999999964e+02 1.301485089999999900e+02 1.484565609999999936e+02
-1.355047490000000039e+02 2.349358520000000112e+02 -2.055808999999999997e+01
3.056727080000000001e+02 7.557194099999999537e+01 -8.133796100000000706e+01
5.889721200000000323e+01 1.320466120000000103e+02 7.971218299999999601e+01
2.611979519999999866e+02 1.243566900000000004e+02 -9.278207899999999597e+01
8.187563299999999344e+01 6.023075599999999952e+01 2.813222420000000170e+02
2.252454349999999863e+02 -1.601929900000000018e+01 2.249707970000000046e+02
-7.861484900000000664e+01 4.731434099999999887e+01 1.025490460000000041e+02
2.165970099999999832e+01 -9.480136199999999747e+01 1.584674620000000118e+02
3.181968959999999811e+02 1.715399690000000135e+02 -6.479360200000000702e+01
-1.638100780000000043e+02 1.775436489999999878e+02 9.694490399999999397e+01
-1.087381879999999938e+02 5.546216299999999677e+01 5.586618399999999696e+01
-4.125358500000000106e+01 1.098248399999999947e+02 -3.476516999999999857e+00
-6.685659000000000241e+00 1.107351359999999971e+02 8.905809200000000203e+01
2.245636010000000056e+02 1.852192410000000109e+02 -9.640532600000000230e+01
-6.725117500000000348e+01 4.170881700000000336e+01 1.217744770000000045e+02
-4.992772000000000432e+00 2.403269200000000083e+01 1.573296129999999948e+02
-4.865965000000000096e+00 4.134018100000000118e+01 2.935823009999999726e+02
1.888438460000000134e+02 8.418083699999999681e+01 1.953419360000000040e+02
2.169930659999999989e+02 1.484302010000000109e+02 2.972826939999999922e+02
1.466303719999999942e+02 4.207276999999999845e+01 1.677251090000000033e+02
1.141035640000000058e+02 2.468009079999999926e+02 2.202785810000000026e+02
-9.043359900000000096e+01 9.917798700000000167e+01 -6.215474999999999994e+01
-2.192924899999999866e+01 5.367554000000000158e+00 1.324922860000000071e+02
9.581648199999999349e+01 1.487689890000000048e+02 8.090035600000000215e+01
1.448059719999999970e+02 2.881031199999999970e+01 1.405594519999999932e+02
7.120193000000000438e+01 5.412855799999999817e+01 7.471336599999999351e+01
3.144134730000000104e+02 1.941120899999999949e+01 -4.821601700000000079e+01
9.083022699999999361e+01 1.291686950000000138e+02 2.662889109999999846e+02
1.966364930000000015e+02 -8.791890399999999772e+01 6.311267699999999792e+01
-8.879694399999999632e+01 1.161403449999999964e+02 1.043788459999999958e+02
-9.029831500000000233e+01 1.312754669999999919e+02 9.130729399999999885e+01
6.965635999999999939e+00 2.255077320000000043e+02 1.482427979999999934e+02
-9.253052399999999977e+01 1.356390570000000082e+02 1.314604449999999929e+02
-1.486429459999999949e+02 1.041806469999999933e+02 7.701414699999999414e+01
3.769950399999999746e+01 1.251131380000000064e+02 6.724749400000000321e+01
2.804830160000000205e+02 1.617281570000000102e+02 1.798511729999999886e+02
9.096306099999999617e+01 -9.609851000000000809e+00 2.172740599999999844e+01
-1.260484589999999940e+02 9.242417100000000119e+01 1.001123850000000033e+02
2.982871840000000248e+02 3.056796399999999991e+01 -1.868228500000000025e+01
1.664352279999999951e+02 2.346452109999999891e+02 1.617624109999999860e+02
1.170899959999999993e+02 2.222162299999999959e+02 2.244353360000000066e+02
1.771881640000000004e+02 8.871511900000000139e+01 1.538252960000000087e+02
1.822603399999999851e+01 1.207519360000000006e+02 2.711779349999999909e+02
2.252795700000000068e+01 6.877040599999999415e+01 1.623228909999999985e+02
-3.240211200000000247e+01 1.269159360000000021e+02 2.364983450000000005e+02
-9.429419900000000609e+01 4.506194299999999942e+01 4.189427200000000084e+01
-1.159728020000000015e+02 1.091098029999999994e+02 3.039344200000000029e+01
8.503609500000000310e+01 1.168848440000000011e+02 1.959900570000000073e+02
2.754060519999999883e+02 2.401386499999999913e+01 4.748293999999999571e+00
2.112835100000000068e+02 1.737586420000000089e+02 6.066288399999999825e+01
3.983613799999999827e+01 1.040917570000000012e+02 2.327871340000000089e+02
3.138092379999999935e+02 1.303415669999999977e+02 5.933839100000000144e+01
-9.530561899999999298e+01 9.168525699999999290e+01 3.320762869999999793e+02
7.532798300000000324e+01 -1.719916999999999874e+01 2.265799790000000087e+02
-7.647764499999999543e+01 2.434943930000000023e+02 1.200344510000000042e+02
1.153950200000000059e+01 2.429074919999999906e+02 1.225818170000000009e+02
-1.273025299999999937e+01 9.445643499999999904e+01 5.494458999999999804e+01
3.495095279999999889e+02 -2.327028100000000066e+01 -1.421824440000000038e+02
-4.017860999999999905e+00 2.300208000000000084e+02 1.138976200000000034e+02
-1.389226109999999892e+02 -5.310268999999999906e+00 2.834899120000000039e+02
8.292805799999999294e+01 7.329614399999999819e+01 1.269290050000000036e+02
2.777799399999999963e+01 2.487384759999999915e+02 2.621860260000000267e+02
2.893548680000000104e+02 1.066005640000000056e+02 1.762216080000000034e+02
-1.255131860000000046e+02 1.218087490000000059e+02 4.632869999999999777e+01
2.609402840000000197e+02 9.951391399999999976e+01 1.006634020000000049e+02
7.470049299999999448e+01 7.553260099999999966e+01 9.322698800000000574e+01
3.646022399999999664e+01 6.129260699999999673e+01 1.866713440000000048e+02
1.627707999999999933e+00 -8.914234000000000435e+00 1.644712429999999870e+02
1.928614120000000014e+02 1.395682160000000067e+02 1.200736880000000042e+02
-9.510229599999999550e+01 1.255332549999999969e+02 2.518846299999999871e+02
-3.262035999999999802e+01 1.650439120000000059e+02 2.317482640000000060e+02
-5.702646099999999763e+01 4.858715300000000070e+01 1.498194569999999999e+02
1.930117639999999994e+02 -9.169944599999999468e+01 1.781220649999999921e+02
1.553371549999999957e+02 1.940832110000000057e+02 1.089751370000000037e+02
9.868967899999999815e+01 -6.444556000000000395e+00 -3.574312199999999962e+01
-8.668988000000000227e+01 9.802611000000000274e+01 9.536859099999999501e+01
3.058843909999999937e+02 9.155271500000000628e+01 -7.473644600000000082e+01
4.772588199999999858e+01 -8.343695999999999557e+00 1.381583029999999894e+02
1.050080009999999930e+02 2.268220499999999902e+02 2.300930529999999976e+02
1.513164370000000076e+02 6.240049599999999685e+01 1.619707490000000121e+02
2.196706360000000018e+02 -1.001840619999999973e+02 1.867177759999999864e+02
6.811468600000000606e+01 2.113697799999999916e+01 2.911400799999999833e+01
1.284166920000000118e+02 6.305114100000000121e+01 3.661509499999999662e+01
7.454090800000000172e+01 2.054926150000000007e+02 3.142411809999999832e+02
3.488515000000000299e+01 1.324616670000000056e+02 -1.873818100000000086e+01
1.903397439999999960e+02 -3.655227299999999957e+01 2.215291699999999935e+02
8.077408900000000358e+01 -9.913471900000000403e+01 9.442284899999999936e+01
5.881595800000000196e+01 1.408932159999999953e+02 2.956724570000000085e+02
-8.749501499999999510e+01 4.649030999999999914e+00 4.356121100000000013e+01
1.475317100000000003e+01 1.905183409999999924e+02 1.640535779999999875e+02
-9.933347500000000707e+01 6.300307200000000307e+01 3.916565800000000053e+01
-1.693172099999999958e+01 2.492730880000000013e+02 2.624743460000000255e+02
1.082634890000000070e+02 1.683734609999999918e+02 1.990705460000000073e+02
-5.620659400000000261e+01 1.195002980000000008e+02 1.883218190000000050e+02
-7.547210099999999500e+01 9.326729100000000017e+01 4.991660999999999859e+01
8.307361199999999712e+01 2.364008880000000090e+02 4.315722800000000348e+01
1.931779200000000074e+01 4.104640400000000255e+01 1.858797879999999907e+02
-7.616867399999999577e+01 1.116364250000000027e+02 7.971113200000000631e+01
3.395332129999999893e+02 2.828618499999999969e+01 4.880055999999999727e+01
1.362942180000000008e+02 1.710134270000000072e+02 -8.882524999999999338e+00
2.584613999999999834e+01 5.178656200000000354e+01 5.633933700000000044e+01
1.860302140000000009e+02 1.413367470000000026e+02 8.867645199999999761e+01
3.473267910000000143e+02 -1.192295200000000044e+01 -1.367893980000000056e+02
3.191624219999999923e+02 -1.306796000000000069e+00 5.159904099999999971e+01
-2.152920800000000057e+01 8.823699000000000581e+01 -1.179113509999999962e+02
6.992278199999999799e+01 2.518707000000000029e+00 3.078954340000000229e+02
1.207387600000000027e+01 4.875850499999999954e+01 1.740832910000000027e+02
-2.555415999999999954e+01 2.334893020000000092e+02 1.977077060000000017e+02
1.011945149999999956e+02 1.706908669999999972e+02 1.763863350000000025e+02
5.655159900000000306e+01 5.023559199999999691e+01 4.571615599999999802e+01
-3.357114599999999882e+01 1.149632869999999940e+02 2.378444709999999986e+02
-4.315770599999999746e+01 2.855138029999999958e+02 9.213243000000000293e+00
2.038510039999999890e+02 1.108005679999999984e+02 1.376852399999999932e+02
-4.093602200000000124e+01 1.466418500000000051e+02 1.673476829999999893e+02
-6.201879100000000022e+01 1.428741339999999980e+02 3.437208799999999798e+01
2.567068799999999840e+01 -6.301021399999999772e+01 1.519703179999999918e+02
1.335544600000000059e+01 6.326992700000000269e+01 1.158044100000000043e+02
3.220511900000000338e+01 2.371825700000000126e+01 1.675934210000000064e+02
1.743746649999999931e+02 7.998897100000000648e+01 2.341469119999999862e+02
-2.300414400000000015e+01 1.142890249999999952e+02 2.274679099999999892e+02
-1.604922679999999957e+02 2.492817949999999882e+02 4.996081000000000216e+01
-5.886176400000000086e+01 2.252565140000000099e+02 -4.750718400000000230e+01
-8.599824999999999875e+01 4.086153900000000050e+01 9.080494799999999600e+01
-6.089525600000000338e+01 1.631701600000000099e+02 -5.652175299999999680e+01
-7.680769800000000203e+01 2.458577170000000081e+02 -6.009364599999999967e+01
3.024326219999999807e+02 1.455596989999999948e+02 -1.138014500000000062e+01
1.367191640000000064e+02 2.911274099999999976e+01 2.495266029999999944e+02
-1.047214000000000089e+00 2.898862499999999898e+01 4.658435800000000171e+01
-4.122283699999999840e+01 1.456168380000000013e+02 3.433783849999999802e+02
3.297189129999999864e+02 4.445931699999999864e+01 -7.534762000000000626e+01
3.016010800000000103e+01 5.566543300000000016e+01 2.454208710000000053e+02
8.774076300000000117e+01 7.457827100000000087e+01 3.036089729999999918e+02
2.443637870000000021e+02 9.738822299999999643e+01 -6.754002199999999334e+01
-1.528388840000000073e+02 1.760975559999999973e+02 2.336789299999999869e+01
8.006397499999999923e+01 9.760319400000000201e+01 1.521751629999999977e+02
6.012870600000000110e+01 8.799217000000000510e+00 3.916811200000000071e+01
1.764544009999999901e+02 5.095598499999999831e+01 5.328987999999999836e+00
4.497084199999999754e+01 1.593669329999999889e+02 1.518971779999999967e+02
9.817239600000000621e+01 4.467887199999999837e+01 3.613366050000000200e+02
-1.409576319999999896e+02 1.007012940000000043e+02 7.698553800000000535e+01
2.750675560000000246e+02 4.517013299999999987e+01 -4.755933399999999978e+01
2.199309309999999869e+02 1.239984850000000023e+02 2.889500199999999950e+02
8.393451299999999549e+01 5.544524799999999942e+01 -1.089076700000000031e+01
-1.092373249999999985e+02 1.326820060000000012e+02 2.681869700000000023e+01
-6.028372300000000195e+01 1.257750960000000049e+02 6.269834000000000174e+01
3.163876989999999978e+02 4.301826899999999654e+01 -5.613002800000000292e+01
8.595492999999999384e+00 2.685537410000000023e+02 2.817179179999999974e+02
-2.330521999999999849e+01 2.066700529999999958e+02 1.174569319999999948e+02
6.866778399999999749e+01 3.486851999999999840e+00 2.251331000000000060e+01
4.372906400000000104e+01 1.924679390000000012e+02 1.480067200000000014e+02
2.018349999999999866e+00 1.862040069999999901e+02 7.566563299999999970e+01
1.811915470000000141e+02 1.324130729999999971e+02 1.580255559999999946e+02
3.104807829999999740e+02 8.870916300000000376e+01 6.556559400000000437e+01
2.671869699999999739e+02 1.652461590000000058e+02 1.516498229999999978e+02
1.053651449999999983e+02 1.206851460000000031e+02 2.436546529999999962e+02
-2.682659699999999958e+01 1.641799029999999959e+02 2.235876739999999927e+02
-1.302585449999999980e+02 6.926869700000000307e+01 7.500986299999999574e+01
5.322166899999999856e+01 3.908322299999999672e+01 -5.830167099999999891e+01
-2.479146300000000025e+01 3.546324800000000010e+01 2.442389900000000011e+02
1.337278389999999888e+02 4.602750499999999789e+01 1.560397519999999929e+02
8.451615900000000181e+01 1.162119579999999956e+02 1.961140259999999955e+02
-1.215634629999999987e+02 5.750886500000000012e+01 1.958054950000000076e+02
-1.812861739999999884e+02 1.469291739999999891e+02 -6.330522200000000055e+01
5.039294100000000043e+01 8.032222000000000861e+00 1.750938710000000071e+02
-4.740865399999999852e+01 -3.182740099999999828e+01 2.036448499999999910e+02
2.631942769999999996e+02 -1.760278200000000126e+01 2.169592899999999958e+01
1.441945130000000006e+02 1.021298600000000079e+01 8.650417500000000359e+01
-1.363841280000000040e+02 9.888991599999999949e+01 1.713202520000000106e+02
-8.249610300000000507e+01 1.136676279999999934e+02 -3.444372299999999854e+01
2.277532359999999869e+02 -7.346450099999999850e+01 1.512852159999999913e+02
-1.354651400000000017e+01 3.370495000000000019e+00 8.446633199999999420e+01
-8.508931499999999915e+01 1.120104589999999973e+02 1.303522309999999891e+02
7.660043000000000291e+01 5.829394099999999668e+01 6.032909500000000236e+01
7.853743900000000622e+01 1.981225999999999932e+00 -1.661491499999999988e+01
2.420948520000000030e+02 5.431728400000000079e+01 -5.571398500000000098e+01
1.603359770000000140e+02 -7.207955300000000420e+01 1.952580999999999989e+01
3.856887900000000258e+01 8.100705600000000572e+01 2.383485870000000091e+02
-9.417135000000000389e+01 1.932139329999999973e+02 2.299926230000000089e+02
1.989033670000000029e+02 3.948920999999999992e+01 7.123951099999999315e+01
3.570166400000000095e+01 1.787201009999999997e+02 2.281531889999999976e+02
-9.749375899999999717e+01 1.619321119999999894e+02 2.422782149999999888e+02
-5.274526000000000181e+01 3.448436099999999982e+01 2.121951909999999941e+02
4.266428400000000210e+01 1.677063829999999882e+02 9.358387799999999856e+01
